%
% This is a file generated by the Open Source, Arc-Routing Library (OAR Lib).
% For more information on OAR Lib, or the format please visit: 
% https://github.com/Olibear/ArcRoutingLibrary 
%

================================
Format: OAR Lib
Graph Type:UNDIRECTED
Problem Type:TRUCK_AND_DRONE
Fleet Size (k):20
Number of Depots:SINGLE_DEPOT
Alpha:0.85
Drones Per Vehicle (l):6
Drone Flight Duration (t_drone):500
Truck Capacity (cap_truck):120
Depot ID(s) (d):116
N:2027
M:2588
================================

LINKS
Line Format:V1,V2,COST,REQUIRED
1504,1498,29,false
1413,41,172,false
1713,1761,3,false
1849,1833,12,false
1254,1258,173,false
1740,1213,12,false
1256,1252,171,false
1596,237,13,false
870,854,4,false
135,136,107,false
1298,1267,39,false
891,809,2,false
1164,1153,1,false
1354,1359,4,false
849,918,5,false
969,876,9,false
1336,1343,9,false
939,929,3,false
920,829,6,false
590,589,11,false
704,699,11,false
1078,1789,10,false
175,284,172,false
275,1057,55,false
1587,1617,43,false
28,27,31,false
1048,183,55,false
978,913,14,false
1170,1172,22,false
1920,1915,10,false
55,254,101,false
1530,1542,8,false
1587,1623,8,false
271,1044,58,false
1877,1943,9,false
348,108,173,false
389,390,68,false
172,1102,52,false
1771,1850,42,false
1426,1412,11,false
1352,1408,12,false
1433,1526,105,false
1569,994,8,false
1973,1958,42,false
23,22,95,false
1040,190,14,false
337,372,9,false
1439,1468,12,false
1702,1673,88,false
404,397,18,false
1749,1748,5,false
713,714,12,false
1407,1430,4,false
1278,113,52,false
120,332,48,false
557,558,16,false
1718,1712,5,false
1222,1020,25,false
1080,1782,6,false
1611,1578,9,false
332,123,125,false
1795,331,8,false
1306,71,6,false
1270,935,8,false
1063,60,50,false
1708,1659,9,false
1787,999,6,false
431,434,8,false
1629,14,11,false
791,857,5,false
311,312,40,false
1275,1369,6,false
800,892,7,false
1411,94,9,false
948,975,9,false
323,1719,12,false
297,298,54,false
1693,1672,9,false
902,834,11,false
893,896,25,false
1031,268,26,false
1556,253,7,false
404,400,46,false
1918,1889,5,false
1165,1154,2,false
1821,1855,48,false
1792,1842,155,false
1574,370,8,false
1387,1373,9,false
1844,1829,13,false
932,787,5,false
336,345,95,false
602,604,6,false
727,728,14,false
1343,101,8,false
513,509,23,false
1192,112,103,false
1609,236,11,false
1696,1665,100,false
958,960,5,false
1331,1310,9,false
1766,1684,40,false
466,475,12,false
1522,1520,19,false
1603,1635,10,false
1888,1922,154,false
1366,97,9,false
613,614,6,false
1560,257,7,false
926,934,5,false
122,123,107,false
794,875,4,false
182,1035,25,false
59,60,173,false
419,414,26,false
1621,1597,4,false
1454,1458,35,false
759,756,12,false
358,1002,51,false
1806,1803,21,false
1497,1501,14,false
259,7,171,false
1982,1983,9,false
845,870,30,false
1272,1355,24,false
1323,1337,9,false
1061,211,49,false
1252,135,52,false
1157,1180,17,false
180,1024,55,false
246,30,171,false
1346,1074,83,false
198,167,21,false
241,242,106,false
995,1326,207,false
716,717,15,false
1554,1562,4,false
174,361,2,false
1720,1737,42,false
1909,1821,44,false
1857,1861,157,false
859,862,3,false
1826,1823,9,false
2025,2026,6,false
494,491,29,false
164,129,174,false
2024,2023,23,false
1198,1196,2,false
1562,1774,10,false
1745,1743,12,false
2008,2006,42,false
1495,1499,14,false
1865,1256,215,false
1691,1703,89,false
702,695,17,false
2022,2018,14,false
623,624,7,false
1397,1381,8,false
1366,1365,9,false
1326,70,9,false
1507,1504,5,false
591,594,3,false
249,1588,9,false
1224,1001,34,false
379,19,72,false
1555,74,7,false
64,1517,121,false
1880,1920,8,false
1519,1521,19,false
534,535,28,false
1045,375,48,false
362,1283,51,false
2011,37,95,false
851,825,7,false
757,760,42,false
161,160,172,false
324,1729,13,false
509,496,5,false
947,850,2,false
1226,1001,46,false
1015,1014,174,false
493,492,5,false
491,504,39,false
577,684,28,false
1396,1432,9,false
1620,1601,10,false
1229,1240,9,false
769,770,62,false
1601,1600,9,false
305,306,31,false
503,508,14,false
460,465,5,false
1125,1188,2,false
1935,1917,45,false
637,635,7,false
1555,1565,106,false
984,840,71,false
506,513,70,false
1116,1114,6,false
114,115,108,false
656,652,30,false
1942,1906,45,false
452,450,22,false
1852,1922,45,false
1399,1422,10,false
847,866,4,false
1067,166,57,false
1983,1984,28,false
1744,1756,94,false
1543,1530,10,false
1732,1731,37,false
1458,1449,6,false
167,212,75,false
372,1410,98,false
1491,332,59,false
1350,1368,11,false
740,717,61,false
1807,1816,157,false
1968,1940,9,false
1559,1552,4,false
1030,277,52,false
1131,1197,1,false
489,493,28,false
1249,1572,155,false
1371,1357,9,false
549,548,13,false
1363,1361,8,false
445,439,3,false
592,591,8,false
1352,1350,12,false
270,271,24,false
1067,1032,174,false
1606,1593,9,false
1994,1993,18,false
919,1074,10,false
1467,1454,6,false
1398,1426,8,false
53,347,52,false
2009,164,92,false
18,1570,7,false
330,1796,10,false
1276,1270,6,false
68,1930,10,false
1477,1438,11,false
862,855,3,false
1595,1634,4,false
801,945,7,false
1538,1536,5,false
962,939,3,false
1396,1407,41,false
1238,1234,10,false
497,510,16,false
90,238,105,false
1437,1440,83,false
751,294,14,false
1328,63,10,false
101,1325,10,false
1314,1336,90,false
789,800,31,false
1269,52,111,false
1286,91,51,false
74,17,173,false
124,125,52,false
855,947,3,false
1006,1015,152,false
1728,1844,6,false
159,1651,9,false
1285,1284,165,false
841,984,5,false
1681,146,10,false
438,440,3,false
1818,1790,5,false
1702,1663,9,false
1860,1853,158,false
1402,1385,40,false
740,1487,41,false
1438,1457,12,false
764,762,7,false
564,565,31,false
1931,1880,149,false
1649,158,10,false
1349,1274,6,false
11,12,176,false
117,118,106,false
1841,1845,17,false
1505,1508,5,false
1870,1868,147,false
652,653,22,false
25,24,44,false
1409,372,6,false
833,882,7,false
1930,1932,9,false
398,397,69,false
335,334,112,false
1580,1595,11,false
1087,1088,9,false
1682,1662,88,false
1121,90,54,false
1638,1637,3,false
299,300,53,false
1015,50,51,false
807,958,3,false
1638,234,10,false
94,1433,10,false
1412,1387,11,false
767,221,21,false
1646,147,9,false
114,118,173,false
453,452,3,false
1859,1883,155,false
1936,1956,45,false
1788,1081,10,false
1461,1455,15,false
1651,39,164,false
1654,1661,7,false
1084,1095,12,false
2,1711,10,false
443,442,6,false
789,902,11,false
279,280,162,false
1885,1876,144,false
841,1369,23,false
1032,1043,170,false
886,1349,8,false
844,943,3,false
1175,1167,1,false
30,1394,72,false
1402,1428,3,false
795,976,5,false
1436,1453,81,false
310,311,108,false
1054,106,53,false
748,749,63,false
337,1392,6,false
156,1986,172,false
1710,1488,6,false
1344,1367,11,false
1115,1112,9,false
565,567,7,false
220,326,43,false
1950,1885,22,false
1247,1249,8,false
1474,1459,11,false
1319,1036,48,false
421,422,5,false
418,419,11,false
1830,1854,8,false
1649,1694,10,false
609,600,38,false
1553,1549,51,false
663,658,3,false
378,1261,34,false
386,1512,18,false
58,59,173,false
1404,1444,1,false
636,638,6,false
1267,1268,9,false
125,126,28,false
1025,1301,41,false
274,1037,36,false
132,215,47,false
267,1031,11,false
1861,137,8,false
51,243,173,false
91,163,107,false
1103,1104,173,false
1456,1437,13,false
1279,1967,11,false
1213,286,11,false
1564,1560,3,false
231,1635,162,false
642,640,10,false
1241,1232,10,false
680,681,11,false
14,1607,10,false
817,836,2,false
1173,1157,12,false
184,182,26,false
371,391,5,false
796,783,5,false
586,593,13,false
474,471,3,false
62,994,7,false
1300,1049,46,false
1142,1146,1,false
676,677,8,false
123,124,105,false
253,1280,54,false
1619,1616,10,false
137,1840,11,false
1858,1884,155,false
143,135,172,false
1224,1101,134,false
228,1622,9,false
776,1358,22,false
677,678,9,false
1700,1668,9,false
430,427,24,false
531,538,5,false
1215,1246,5,false
36,122,106,false
780,896,4,false
1838,689,6,false
908,902,62,false
439,437,5,false
1742,1749,3,false
1965,1976,87,false
1678,1688,9,false
900,910,4,false
505,499,25,false
804,927,6,false
963,954,6,false
1429,1383,9,false
1911,1966,11,false
1162,1151,2,false
135,2010,7,false
475,481,14,false
127,1957,9,false
584,572,29,false
1319,1317,10,false
1243,1229,10,false
816,786,5,false
1631,1604,8,false
479,480,5,false
812,847,6,false
1320,1312,45,false
247,252,175,false
1039,394,60,false
703,706,16,false
756,752,74,false
1518,1208,13,false
458,459,29,false
1987,227,68,false
243,367,104,false
661,663,6,false
1630,1583,11,false
169,1907,8,false
988,816,4,false
1208,384,8,false
664,654,33,false
1926,1978,45,false
1712,1720,5,false
35,1941,11,false
248,247,172,false
1847,1831,157,false
1013,1269,33,false
343,10,34,false
393,213,120,false
1692,150,9,false
216,1062,52,false
1190,1492,10,false
831,830,2,false
1024,273,54,false
178,1058,20,false
252,12,108,false
634,645,24,false
1593,1005,45,false
1992,1991,27,false
435,438,43,false
1163,1202,1,false
1482,1473,10,false
1810,1809,5,false
1418,92,10,false
1821,1849,9,false
1427,1372,4,false
551,547,16,false
1445,1477,12,false
34,1972,10,false
1868,262,9,false
1969,1913,10,false
1465,1473,85,false
159,1695,11,false
1158,1128,2,false
1942,1279,10,false
1721,1735,7,false
1107,1106,20,false
940,807,28,false
1183,1190,10,false
1242,1233,7,false
248,373,54,false
1400,1402,46,false
406,407,48,false
1510,387,31,false
1974,1898,9,false
320,726,12,false
527,525,13,false
1892,1221,8,false
1947,1955,11,false
1028,1324,12,false
1221,1223,187,false
1544,1540,8,false
397,406,22,false
1493,1148,18,false
560,555,33,false
2016,2014,34,false
1937,1877,11,false
1541,1544,8,false
1731,1733,19,false
118,119,103,false
1314,1326,9,false
288,289,37,false
2005,1350,70,false
137,1827,9,false
1856,1909,43,false
149,1642,9,false
682,570,4,false
1254,165,52,false
264,98,171,false
1384,1376,172,false
626,625,6,false
597,595,26,false
369,29,3,false
1834,1850,9,false
1576,14,11,false
1927,1879,8,false
2027,2025,7,false
265,15,172,false
935,1275,20,false
225,226,44,false
670,669,26,false
1337,1312,9,false
146,1666,9,false
1681,1658,11,false
1978,1904,44,false
396,398,46,false
105,995,172,false
1023,993,26,false
74,1010,53,false
920,930,2,false
1701,1417,9,false
1984,1979,9,false
1438,1441,6,false
1864,1053,7,false
571,683,4,false
686,316,47,false
40,1426,225,false
73,1484,11,false
120,121,105,false
99,260,22,false
1450,177,11,false
1129,1171,20,false
1804,1835,10,false
1851,1853,10,false
1310,1314,8,false
147,1661,9,false
1689,149,9,false
1001,1220,188,false
1424,2016,19,false
1607,1618,11,false
1500,1506,30,false
1883,1882,10,false
864,959,2,false
1966,1906,10,false
1258,130,52,false
1840,1914,43,false
550,541,49,false
45,1239,51,false
1225,173,8,false
657,656,22,false
1808,1843,12,false
1539,1540,15,false
1140,1183,5,false
1279,1929,46,false
370,234,2,false
485,483,4,false
2010,2009,75,false
780,973,5,false
148,1678,8,false
1660,1653,11,false
1713,1730,9,false
1474,90,135,false
1697,1765,153,false
1468,1443,11,false
583,580,20,false
1196,1179,6,false
195,1033,15,false
1432,1411,44,false
528,527,14,false
1698,1655,89,false
470,472,5,false
437,436,10,false
119,1129,10,false
1643,1648,89,false
825,935,4,false
1975,1897,45,false
2005,2004,106,false
1093,1088,21,false
1210,23,47,false
510,502,36,false
158,1660,10,false
324,1210,89,false
718,716,7,false
22,223,84,false
812,817,2,false
1790,1793,13,false
1732,733,10,false
1088,1094,48,false
1695,1645,9,false
819,788,3,false
52,176,172,false
303,304,24,false
1923,1925,9,false
1639,1605,75,false
1613,1624,9,false
1394,49,11,false
106,130,174,false
47,767,19,false
39,38,107,false
1340,103,213,false
2023,2022,44,false
138,1849,9,false
539,529,8,false
1351,1393,67,false
1466,1467,12,false
419,416,10,false
1717,46,11,false
691,708,35,false
521,520,6,false
1935,1942,155,false
1176,1132,2,false
69,1949,10,false
283,1013,10,false
1815,1810,60,false
1665,1697,9,false
96,128,175,false
1736,707,63,false
1253,100,54,false
1911,1967,44,false
79,32,172,false
1090,1087,4,false
1843,1763,12,false
688,691,10,false
1102,171,53,false
1798,1804,62,false
1008,1617,9,false
97,1371,10,false
2019,2020,44,false
1750,1752,10,false
1071,186,15,false
992,1569,5,false
1955,114,161,false
464,462,33,false
502,495,26,false
222,750,24,false
1442,1445,81,false
806,797,10,false
79,351,3,false
1526,1525,13,false
1103,82,56,false
847,788,12,false
1849,1824,157,false
1953,1905,45,false
607,606,20,false
1609,1620,11,false
1239,1250,52,false
39,40,173,false
1963,1962,11,false
912,923,4,false
333,1490,28,false
1545,381,8,false
233,1624,8,false
1597,1598,4,false
1652,105,164,false
1446,1482,12,false
176,1565,8,false
241,1478,84,false
1338,1339,47,false
123,1333,187,false
80,376,16,false
1779,1781,155,false
8,163,21,false
1415,1206,173,false
943,782,3,false
377,81,9,false
1465,1450,11,false
1668,1675,10,false
410,418,11,false
1463,1445,12,false
1335,1340,9,false
892,914,7,false
1368,1362,10,false
575,600,34,false
1592,1610,8,false
1915,1823,155,false
163,1216,15,false
117,115,174,false
108,166,171,false
874,974,12,false
647,650,20,false
1895,1910,5,false
2014,2017,2,false
1730,1714,10,false
243,1468,75,false
1579,1630,9,false
1089,1092,7,false
922,851,7,false
933,961,2,false
707,709,7,false
1933,1960,10,false
667,668,6,false
136,1079,54,false
1899,389,63,false
1079,1854,45,false
148,1652,9,false
1741,1213,7,false
979,878,2,false
1616,1614,85,false
1361,42,13,false
1126,1127,9,false
1588,1636,89,false
492,490,15,false
1608,1589,9,false
187,1305,8,false
946,828,6,false
1073,1345,37,false
1632,1613,8,false
7,255,105,false
653,657,30,false
1044,218,53,false
1948,1974,9,false
1941,1971,43,false
40,1384,53,false
146,1707,9,false
911,871,7,false
1237,1235,8,false
238,1015,55,false
235,1593,10,false
1980,1981,28,false
48,1387,10,false
1489,93,110,false
1925,68,8,false
173,55,71,false
165,134,174,false
1550,1547,44,false
232,1576,162,false
1082,1780,9,false
2016,1409,2,false
340,1422,46,false
523,10,62,false
1511,385,29,false
210,1021,51,false
368,1016,49,false
1304,1025,45,false
1951,35,11,false
785,867,4,false
993,62,22,false
1565,1987,99,false
163,335,19,false
46,1734,11,false
1661,153,165,false
1579,235,11,false
1022,374,24,false
605,606,49,false
894,777,10,false
600,601,61,false
280,1288,145,false
501,552,23,false
1287,354,52,false
1137,1134,2,false
829,802,3,false
190,270,16,false
1496,1500,13,false
1199,1160,3,false
420,423,17,false
696,698,9,false
1907,1889,10,false
1149,1174,2,false
1760,1714,4,false
158,156,172,false
1486,1451,25,false
111,112,106,false
1635,1621,11,false
1634,1630,83,false
1059,1098,39,false
1828,1833,6,false
805,833,9,false
726,725,20,false
1941,1947,12,false
1581,29,164,false
402,404,18,false
448,435,4,false
1480,1447,30,false
725,288,32,false
388,1936,10,false
226,378,34,false
1185,1178,2,false
1816,1770,7,false
840,919,10,false
1171,1199,6,false
1035,1028,29,false
807,810,25,false
314,315,114,false
1904,1959,10,false
968,37,17,false
1552,1554,25,false
1957,1917,10,false
112,96,172,false
1738,1759,2,false
68,1908,9,false
1997,1998,25,false
1876,1894,4,false
1627,1591,10,false
1881,1945,42,false
1909,1886,157,false
1260,1866,9,false
1962,35,9,false
1840,1856,8,false
1219,162,17,false
1726,1764,41,false
1533,1531,3,false
1872,1257,11,false
1288,281,27,false
80,75,22,false
1959,1933,9,false
1734,1718,12,false
1391,1396,171,false
1560,1553,2,false
1094,133,82,false
1451,1479,38,false
91,1217,10,false
986,991,5,false
134,263,170,false
9,524,43,false
1668,1657,44,false
1934,1931,4,false
1426,48,11,false
1966,1279,45,false
1801,1815,144,false
1824,141,9,false
952,785,3,false
201,194,14,false
354,256,2,false
942,804,5,false
193,342,49,false
1524,1523,12,false
1455,1469,58,false
1686,1640,74,false
1101,83,52,false
408,396,13,false
414,420,40,false
1612,1596,10,false
129,100,173,false
2012,2013,56,false
948,874,13,false
1014,1551,167,false
1006,1463,43,false
1460,1486,11,false
2008,2007,36,false
163,327,17,false
1957,1973,45,false
73,1466,10,false
1412,1377,6,false
848,963,8,false
294,753,20,false
254,1100,54,false
468,469,17,false
1403,346,50,false
781,904,2,false
1946,131,10,false
402,399,31,false
565,566,28,false
856,816,5,false
1466,50,144,false
1222,1224,53,false
160,1376,53,false
206,1061,51,false
403,401,4,false
761,297,32,false
441,447,8,false
1157,1193,9,false
390,1924,25,false
1621,1579,11,false
1432,1379,10,false
1764,1762,43,false
336,338,7,false
530,526,27,false
1305,274,8,false
380,382,5,false
235,1583,9,false
522,521,5,false
1780,1077,58,false
1223,1225,46,false
763,768,33,false
1355,970,4,false
776,803,7,false
1850,139,11,false
875,835,4,false
1214,321,13,false
106,1253,53,false
1600,1580,11,false
755,301,44,false
433,445,31,false
60,207,74,false
1123,1265,33,false
1437,1478,11,false
1784,1783,158,false
1829,3,12,false
576,574,9,false
562,557,38,false
361,1563,51,false
264,102,106,false
1312,1329,9,false
1292,995,56,false
715,735,45,false
899,936,2,false
1733,1736,45,false
821,903,2,false
1778,1082,8,false
1118,1115,5,false
169,1882,10,false
160,1979,41,false
173,1226,8,false
1303,1052,42,false
966,780,4,false
133,1085,14,false
1138,1124,1,false
1618,1629,10,false
1845,1801,15,false
1152,1158,1,false
1907,1960,156,false
476,477,43,false
1449,1461,60,false
52,1011,54,false
640,639,6,false
64,1292,46,false
927,907,7,false
1346,1344,12,false
1998,2002,31,false
1294,1291,28,false
37,40,106,false
1822,1852,9,false
1057,276,54,false
924,942,7,false
1834,1823,83,false
1055,110,55,false
1012,253,52,false
1591,1587,10,false
1605,1625,6,false
736,737,11,false
724,723,7,false
61,281,91,false
898,864,2,false
1271,886,19,false
1887,1888,10,false
1018,76,12,false
1130,1131,2,false
1565,1551,55,false
970,841,9,false
1616,1607,12,false
1961,1974,154,false
1475,1451,15,false
1193,1136,7,false
1563,1280,173,false
1625,1619,11,false
236,1580,10,false
1899,1933,44,false
1808,1813,3,false
34,1970,9,false
1108,1110,4,false
1659,1644,68,false
1701,1704,38,false
1591,1008,43,false
1567,1557,12,false
1970,1904,10,false
488,487,3,false
1709,2,9,false
878,956,2,false
1506,1505,16,false
1395,366,8,false
885,948,7,false
558,553,27,false
839,883,4,false
1624,1615,9,false
1751,1753,4,false
813,985,3,false
415,417,10,false
1843,171,163,false
1317,1328,10,false
168,136,174,false
1421,1420,11,false
622,623,8,false
1485,1476,14,false
427,432,15,false
191,269,35,false
1908,1923,8,false
822,790,4,false
1456,1435,83,false
1982,12,59,false
1457,1482,85,false
1943,69,11,false
1970,1951,155,false
1062,202,105,false
1021,59,52,false
96,1962,97,false
1994,1555,46,false
1240,1230,27,false
1085,1091,16,false
1671,1699,9,false
1833,1847,43,false
1854,137,9,false
543,544,3,false
16,1456,11,false
121,1039,53,false
1774,1568,10,false
1420,1430,9,false
687,317,37,false
100,96,107,false
507,506,18,false
1201,1181,1,false
367,30,3,false
1919,1942,43,false
698,700,8,false
845,924,4,false
834,1072,10,false
1531,1543,5,false
342,1066,4,false
125,1039,170,false
758,299,37,false
1542,170,10,false
1716,1725,17,false
38,1681,163,false
1091,1089,4,false
251,51,174,false
1372,336,7,false
423,424,27,false
1435,87,12,false
253,175,173,false
157,1489,64,false
82,54,132,false
2018,2015,37,false
1932,1888,45,false
1096,201,23,false
1988,1109,2,false
399,1997,35,false
265,250,106,false
1228,1227,25,false
504,503,26,false
1851,1839,157,false
578,579,5,false
119,1492,38,false
1962,1976,11,false
1036,1320,10,false
1011,17,52,false
1329,1331,9,false
888,937,3,false
56,57,115,false
177,1457,12,false
1903,1969,9,false
1458,1452,42,false
548,532,43,false
1580,1579,86,false
450,463,21,false
1202,1162,2,false
1499,1505,30,false
1677,1686,3,false
1691,1654,9,false
541,528,30,false
1656,1682,10,false
642,383,33,false
790,773,13,false
1683,1701,44,false
219,1065,53,false
1479,1470,24,false
1153,1189,5,false
229,1638,163,false
1777,244,11,false
783,1353,6,false
684,685,13,false
1147,1145,1,false
890,856,2,false
1898,1957,9,false
1707,1662,9,false
777,908,2,false
1327,1295,128,false
1739,1758,3,false
42,1367,12,false
1917,1968,9,false
227,238,174,false
391,1793,58,false
477,488,23,false
1411,1388,10,false
1181,1142,1,false
59,348,36,false
744,743,12,false
1568,1775,10,false
1375,1382,2,false
1490,1491,21,false
1447,1481,15,false
173,352,104,false
16,1474,10,false
1232,1242,12,false
1920,68,10,false
38,264,105,false
1046,209,47,false
273,1051,52,false
1284,117,55,false
1866,1872,145,false
750,224,26,false
54,173,40,false
1758,1741,2,false
990,829,3,false
709,711,7,false
256,1560,167,false
454,449,4,false
743,741,10,false
1632,157,163,false
1484,1448,10,false
542,534,7,false
1737,1537,35,false
1735,1204,9,false
1007,357,52,false
127,1968,10,false
1450,1462,12,false
1971,1945,10,false
291,734,29,false
1823,1822,12,false
1333,101,10,false
2,1730,12,false
1529,1539,12,false
1325,1366,89,false
1482,16,12,false
965,950,4,false
163,9,118,false
1598,1600,81,false
334,162,16,false
1395,1389,11,false
174,79,172,false
986,793,26,false
128,168,172,false
1666,1673,10,false
1673,1681,9,false
1122,85,53,false
352,174,3,false
1360,1335,47,false
1146,1130,2,false
416,417,10,false
1662,1666,9,false
1607,642,22,false
1373,1413,10,false
1783,1080,6,false
668,671,7,false
238,1450,140,false
1644,1678,9,false
930,891,2,false
1763,1838,12,false
302,303,64,false
1595,1633,11,false
998,1785,10,false
1167,1165,1,false
1419,1415,172,false
1711,733,37,false
1697,1667,10,false
710,712,15,false
1809,1811,10,false
608,610,24,false
1092,1086,3,false
202,1773,53,false
840,870,60,false
844,932,7,false
486,482,12,false
621,622,8,false
1262,1263,5,false
678,680,6,false
1493,1186,5,false
411,413,9,false
1838,1844,11,false
1273,1358,10,false
326,1244,29,false
1948,1950,154,false
372,1403,4,false
1690,319,7,false
1902,169,10,false
1462,1463,10,false
1327,1316,10,false
810,986,8,false
545,546,10,false
170,1262,3,false
895,872,5,false
1109,1108,6,false
1248,1573,5,false
1811,1797,33,false
1938,1900,156,false
1658,1645,85,false
729,290,21,false
985,865,3,false
572,571,3,false
298,758,40,false
1896,1915,82,false
811,967,3,false
1011,1010,172,false
1753,1721,19,false
1168,1177,1,false
98,885,18,false
681,682,9,false
6,259,160,false
567,568,22,false
1771,1847,8,false
409,410,25,false
1444,1401,9,false
2006,1254,106,false
1311,184,9,false
1290,1299,10,false
539,540,4,false
338,344,99,false
581,576,11,false
1268,993,8,false
440,446,3,false
1409,340,10,false
131,1969,10,false
1144,1164,2,false
110,1259,52,false
1339,1315,39,false
257,353,2,false
1819,1804,10,false
1195,1141,2,false
1375,1381,48,false
454,456,31,false
1115,1117,6,false
508,511,48,false
152,1687,165,false
498,502,44,false
867,971,3,false
1517,1518,23,false
889,991,25,false
1961,1905,10,false
1430,1411,10,false
1835,1964,151,false
1800,1806,27,false
837,955,2,false
1894,1804,4,false
1492,1192,32,false
605,608,23,false
1371,2004,74,false
1653,1765,10,false
1694,1766,21,false
849,969,7,false
635,630,6,false
1463,177,12,false
904,879,2,false
376,283,4,false
538,536,4,false
1603,1592,86,false
827,972,4,false
1573,1249,41,false
395,61,59,false
1264,26,39,false
1367,1361,6,false
88,1566,11,false
611,613,6,false
931,808,3,false
1602,1613,6,false
1464,73,12,false
1886,1768,8,false
245,15,105,false
1676,1677,3,false
1706,1649,9,false
639,637,5,false
928,917,6,false
272,1303,10,false
1110,1107,24,false
1250,32,4,false
1055,1054,172,false
1282,1283,14,false
263,1985,152,false
1422,1390,10,false
972,900,4,false
1759,1754,3,false
212,393,53,false
466,467,16,false
1359,1347,79,false
598,596,9,false
752,738,86,false
31,355,2,false
1951,1881,12,false
1939,1895,36,false
1656,150,10,false
269,1040,22,false
285,1103,25,false
1178,1195,1,false
1280,360,52,false
1765,1766,10,false
1155,1137,2,false
1964,388,12,false
1996,1016,83,false
1307,1056,41,false
1498,1494,14,false
1515,1509,28,false
1875,1892,11,false
1614,1609,10,false
1106,1105,19,false
913,921,14,false
929,949,2,false
1100,259,52,false
1852,1932,154,false
1216,1219,118,false
936,815,2,false
166,133,175,false
1647,1688,68,false
255,1287,52,false
200,196,36,false
1897,1959,44,false
1728,691,75,false
1386,1000,7,false
1074,1075,63,false
1230,1236,8,false
786,964,4,false
1582,1576,12,false
861,795,5,false
1937,69,9,false
1117,1989,5,false
1513,1518,17,false
1296,1294,37,false
1182,1152,2,false
997,1786,6,false
1326,1323,8,false
1462,1472,5,false
447,448,5,false
1097,1096,30,false
5,83,14,false
1675,159,9,false
1752,1745,10,false
1237,47,29,false
1670,1646,8,false
877,912,4,false
1915,1930,11,false
944,988,4,false
1718,1717,15,false
105,65,91,false
1005,1574,42,false
1913,1958,10,false
381,1533,5,false
950,977,13,false
221,766,15,false
400,398,29,false
245,250,173,false
820,940,3,false
1381,1395,11,false
413,451,27,false
683,679,29,false
823,966,4,false
192,267,40,false
1066,275,51,false
1026,1867,10,false
1350,42,10,false
660,664,23,false
1194,1136,11,false
846,794,3,false
125,992,58,false
1235,1241,11,false
956,774,2,false
879,824,2,false
991,893,8,false
627,628,24,false
100,111,172,false
1535,1542,29,false
1258,1253,174,false
778,792,24,false
496,512,9,false
301,754,21,false
1017,1011,144,false
383,644,56,false
1423,556,18,false
1645,1651,11,false
1802,1825,60,false
1958,1928,10,false
689,705,32,false
1543,170,8,false
826,1075,10,false
144,1094,89,false
799,819,4,false
1967,1891,46,false
1674,1650,90,false
481,474,22,false
1709,1713,12,false
1610,1638,2,false
1853,139,8,false
802,983,3,false
46,1735,11,false
1043,1068,219,false
211,1063,51,false
1374,559,8,false
1793,1808,12,false
121,110,173,false
928,913,11,false
645,646,39,false
50,258,175,false
1635,235,10,false
1666,1692,88,false
464,454,23,false
896,944,6,false
1584,1611,13,false
250,251,105,false
1476,1480,6,false
1889,1924,44,false
186,1042,50,false
1514,1511,8,false
762,759,15,false
954,792,5,false
426,431,32,false
1263,1544,6,false
754,302,16,false
854,826,10,false
1675,1669,10,false
1321,1334,4,false
1159,1166,2,false
2013,1278,22,false
1523,1522,10,false
1717,1726,10,false
876,863,10,false
234,1581,10,false
18,1209,12,false
886,779,12,false
1019,77,21,false
1789,1799,214,false
136,142,171,false
1324,341,8,false
1995,252,21,false
1322,63,10,false
1333,1341,10,false
384,65,10,false
1680,1685,3,false
532,531,57,false
1377,1379,39,false
611,612,44,false
471,505,6,false
1905,1898,155,false
29,358,3,false
926,909,6,false
1956,1953,9,false
1334,1318,46,false
808,820,3,false
1672,1669,87,false
1236,1737,6,false
177,1477,13,false
1079,1078,171,false
566,562,12,false
1854,1859,9,false
386,1207,8,false
1159,1172,8,false
1203,1205,20,false
1642,66,165,false
1558,1548,52,false
1932,1908,10,false
1516,1689,117,false
89,1121,55,false
614,617,8,false
130,1038,53,false
1813,1791,56,false
1557,255,155,false
1650,147,9,false
1289,1288,54,false
989,806,4,false
625,634,16,false
733,1529,23,false
1973,1935,10,false
961,931,2,false
872,877,5,false
865,789,3,false
1076,1072,64,false
541,542,53,false
1041,215,51,false
722,724,7,false
1846,1830,156,false
1922,1914,9,false
1448,1466,11,false
446,443,6,false
1521,1522,22,false
1056,1050,11,false
814,1273,30,false
325,1571,8,false
957,775,3,false
1985,1869,61,false
753,295,40,false
1065,180,52,false
134,1252,54,false
1655,1656,10,false
1746,1739,2,false
1939,1973,8,false
1234,1717,41,false
1693,146,10,false
618,619,10,false
33,1857,8,false
63,1319,10,false
915,889,6,false
252,1577,164,false
1955,1963,8,false
63,1327,10,false
387,1502,7,false
171,4,95,false
749,752,41,false
969,832,4,false
1775,1550,1,false
292,745,22,false
1111,1988,4,false
1217,1218,91,false
1313,1309,41,false
588,590,18,false
787,880,2,false
1819,371,61,false
1227,309,17,false
1623,1581,3,false
442,409,25,false
1822,138,9,false
1417,1700,44,false
1376,1701,164,false
923,839,4,false
594,599,3,false
780,800,13,false
448,444,16,false
1882,168,97,false
1604,1574,10,false
116,162,172,false
1570,1247,44,false
196,1097,36,false
150,1663,8,false
162,1391,53,false
425,429,34,false
1370,1357,4,false
1944,1952,64,false
1341,1325,10,false
1633,1614,11,false
1245,20,33,false
1765,158,11,false
1960,1938,10,false
1968,1927,154,false
1010,176,53,false
94,336,11,false
1316,1319,10,false
1177,1125,2,false
72,1300,9,false
1826,1771,42,false
1340,1336,8,false
1388,1433,9,false
1954,1965,24,false
1064,1069,22,false
1051,193,53,false
925,926,4,false
1204,46,12,false
1223,1100,169,false
1990,1989,34,false
1536,1543,1,false
92,1406,10,false
1897,1899,9,false
824,981,2,false
1619,1609,86,false
1345,814,10,false
341,178,32,false
1014,227,54,false
1667,1653,153,false
1791,1798,5,false
559,564,41,false
1577,1585,8,false
1420,94,10,false
1820,1802,27,false
734,292,43,false
1643,1652,9,false
2026,2019,33,false
344,339,79,false
1291,1293,13,false
111,120,172,false
356,560,44,false
1389,1400,4,false
69,1966,10,false
1936,1893,12,false
350,1812,9,false
168,164,105,false
723,718,7,false
556,561,43,false
721,720,23,false
198,392,52,false
1723,1721,11,false
300,755,35,false
217,197,26,false
693,696,9,false
658,660,56,false
1871,1260,10,false
1341,1370,85,false
561,1395,28,false
31,256,173,false
850,901,3,false
1657,1419,166,false
1220,1878,8,false
214,1772,126,false
2015,1424,3,false
1416,1429,3,false
113,116,171,false
7,8,153,false
641,643,8,false
81,78,46,false
1999,2003,19,false
103,102,172,false
410,411,9,false
1184,120,10,false
1879,1929,11,false
1358,1356,3,false
1748,1751,3,false
290,730,15,false
1977,1944,88,false
449,457,34,false
1924,1887,8,false
1186,1200,6,false
1726,1723,10,false
1179,1126,3,false
586,581,8,false
741,740,5,false
1660,1417,43,false
1380,1393,9,false
1376,39,53,false
717,715,26,false
1586,249,11,false
70,1310,9,false
921,854,21,false
1072,1073,43,false
209,1059,49,false
665,656,8,false
1705,1703,9,false
674,675,10,false
1034,1308,40,false
1417,1657,8,false
2003,2000,11,false
1689,1640,8,false
902,778,44,false
691,693,9,false
604,577,44,false
1834,1916,5,false
1309,1342,42,false
1874,1873,151,false
951,869,2,false
183,1070,52,false
41,36,105,false
1313,1322,10,false
1958,131,10,false
1700,159,10,false
533,530,3,false
1487,1716,51,false
277,195,37,false
516,515,34,false
932,849,5,false
708,709,7,false
615,616,36,false
1423,1385,10,false
1993,1992,9,false
1589,1632,8,false
1318,1327,10,false
1663,264,164,false
1220,261,10,false
1887,1890,44,false
1979,1980,9,false
1581,1631,2,false
1640,1671,9,false
1132,1156,2,false
1831,1769,9,false
1054,1038,173,false
977,845,3,false
1642,1647,10,false
401,609,29,false
1050,187,39,false
832,895,5,false
1345,97,9,false
1698,1650,9,false
562,563,36,false
233,1632,9,false
1284,1391,171,false
147,1691,8,false
1998,1999,29,false
1853,1815,13,false
282,62,15,false
1929,1891,11,false
1180,1170,48,false
512,497,22,false
1037,278,50,false
375,1022,52,false
579,582,5,false
854,905,43,false
702,703,14,false
247,1007,51,false
1533,1532,1,false
258,1014,52,false
385,1503,9,false
1393,1398,11,false
500,504,65,false
792,776,6,false
540,543,9,false
830,941,2,false
798,946,8,false
406,405,13,false
1378,1388,3,false
1943,1911,11,false
1782,1778,160,false
108,58,43,false
937,859,2,false
1705,1654,89,false
1636,228,11,false
1737,1238,11,false
1551,1012,7,false
796,898,2,false
1908,1887,45,false
856,821,2,false
140,1860,9,false
500,498,26,false
1135,1140,4,false
646,647,28,false
246,368,2,false
1923,1903,155,false
1659,1689,11,false
1695,1693,86,false
1330,1331,88,false
815,989,7,false
1422,92,9,false
721,727,10,false
349,1055,53,false
347,74,54,false
654,655,11,false
589,586,10,false
70,1329,9,false
1459,1456,10,false
1893,1964,10,false
1891,1875,7,false
1295,1296,7,false
679,672,28,false
1481,1471,32,false
779,823,3,false
1204,1734,11,false
1517,1515,9,false
664,667,6,false
115,1278,56,false
1546,1530,8,false
1481,1266,23,false
1582,1590,85,false
189,191,9,false
779,837,3,false
889,847,3,false
71,1064,32,false
712,713,13,false
1940,1948,18,false
204,199,74,false
1626,1575,9,false
1756,1755,7,false
92,1423,7,false
1257,1865,8,false
1205,1204,35,false
1302,181,8,false
1524,161,44,false
1431,1423,11,false
869,796,2,false
90,86,174,false
830,900,6,false
1405,1404,11,false
910,915,4,false
1070,179,52,false
574,573,6,false
1145,1149,1,false
473,466,11,false
65,386,9,false
1193,1135,5,false
1351,1363,12,false
128,129,107,false
1648,1691,9,false
532,527,24,false
14,1619,11,false
278,1306,14,false
1901,1926,155,false
1880,1953,42,false
1421,1425,92,false
1405,1464,85,false
338,1421,6,false
1624,1596,86,false
705,1736,10,false
1169,1185,1,false
603,602,3,false
1608,233,7,false
1367,1351,20,false
1293,1292,33,false
1075,37,74,false
118,36,172,false
1086,1083,4,false
1747,1746,5,false
469,478,17,false
1561,254,53,false
472,479,6,false
1736,1728,32,false
1361,1352,5,false
1002,1995,33,false
103,98,107,false
1362,42,11,false
286,1214,10,false
1622,1629,85,false
536,533,40,false
268,189,19,false
1325,1335,9,false
1967,2013,142,false
789,811,3,false
1743,1738,5,false
382,1541,4,false
1956,1920,42,false
43,1215,14,false
624,626,5,false
333,119,48,false
1278,1285,8,false
1387,1432,44,false
215,198,107,false
179,64,78,false
1928,1935,42,false
819,908,32,false
160,1697,10,false
1669,1695,9,false
768,313,36,false
77,81,16,false
1914,1837,45,false
15,1777,97,false
484,485,47,false
1295,64,74,false
3,1838,13,false
149,1671,8,false
1541,1716,9,false
1390,1406,9,false
1856,1861,11,false
261,1875,11,false
2012,1943,141,false
525,522,32,false
257,174,173,false
818,781,2,false
1406,1431,7,false
1042,109,58,false
1615,1577,8,false
620,621,8,false
467,489,33,false
293,751,17,false
125,1298,13,false
770,771,48,false
1281,1282,154,false
98,2011,11,false
706,710,15,false
116,1284,53,false
883,980,3,false
612,615,10,false
384,1514,16,false
1715,318,17,false
1563,175,55,false
1794,330,8,false
318,1724,32,false
945,848,8,false
1101,1102,174,false
1933,1918,152,false
1924,1923,45,false
1416,31,150,false
1620,1639,7,false
181,1304,8,false
1343,1330,10,false
569,568,12,false
1452,1383,4,false
1308,996,8,false
32,1533,164,false
458,455,23,false
43,25,57,false
1058,1322,41,false
176,1012,55,false
223,21,56,false
359,1591,8,false
266,265,106,false
122,333,125,false
670,665,11,false
1393,48,8,false
1287,1286,173,false
1772,203,53,false
1477,242,81,false
600,597,69,false
1479,1485,8,false
129,1258,53,false
1664,1699,4,false
880,899,2,false
897,842,7,false
312,763,28,false
785,889,28,false
1364,1354,10,false
995,103,106,false
49,1416,11,false
1142,1168,5,false
1322,1318,10,false
57,145,102,false
737,739,9,false
11,247,108,false
1530,1534,29,false
1391,41,55,false
1081,1784,10,false
617,618,8,false
1687,148,9,false
165,1067,55,false
1773,217,158,false
1328,1313,10,false
1793,3,13,false
1392,340,9,false
1692,1702,9,false
1938,1972,10,false
1725,1732,22,false
1424,1399,45,false
987,933,2,false
1038,1067,171,false
1172,1150,21,false
365,1405,9,false
717,702,65,false
907,928,7,false
672,670,3,false
281,1023,48,false
1833,1826,9,false
1016,51,57,false
316,687,37,false
1038,108,55,false
1085,1032,41,false
1253,1259,173,false
1390,2016,45,false
1836,1828,149,false
1238,1535,8,false
242,245,171,false
1337,70,8,false
21,1245,20,false
1083,1090,6,false
604,607,32,false
1869,107,9,false
735,1732,71,false
1906,1928,154,false
322,323,22,false
478,473,16,false
1900,1907,10,false
1903,1899,45,false
982,888,3,false
1566,1559,9,false
828,984,5,false
1520,1519,22,false
662,661,8,false
1540,1538,7,false
1156,1161,2,false
938,965,4,false
746,747,9,false
1976,1977,155,false
606,585,37,false
1209,28,40,false
1151,1144,1,false
254,1567,6,false
1032,1084,15,false
976,925,4,false
364,31,2,false
1556,1281,54,false
760,761,34,false
1848,1862,153,false
983,938,4,false
102,1646,164,false
520,519,7,false
731,732,10,false
1472,1448,79,false
175,1009,50,false
405,403,8,false
1120,86,6,false
1413,1380,9,false
1379,1384,229,false
774,806,7,false
958,805,13,false
1724,44,49,false
1261,379,41,false
457,458,5,false
258,1556,167,false
239,1776,12,false
896,785,28,false
1735,1740,20,false
1877,1947,87,false
1617,1002,164,false
101,1340,9,false
48,1413,9,false
994,1328,175,false
596,592,13,false
629,632,5,false
66,67,173,false
778,916,11,false
960,957,3,false
1730,172,163,false
1431,1375,41,false
1534,1238,8,false
1478,16,12,false
1921,1893,5,false
771,1212,11,false
842,968,8,false
964,807,5,false
1408,1380,75,false
742,744,13,false
508,501,34,false
2025,2024,8,false
1812,1820,69,false
1825,140,9,false
107,1870,10,false
104,152,129,false
1594,1627,7,false
1890,1884,9,false
1785,1788,136,false
1882,1900,8,false
1301,272,10,false
51,245,105,false
1008,1608,48,false
1704,1653,5,false
1330,1333,9,false
675,676,4,false
694,692,32,false
1401,1394,3,false
20,222,32,false
1234,1239,175,false
451,453,27,false
1444,1439,85,false
218,1290,69,false
1053,1863,5,false
495,1277,19,false
328,162,15,false
1969,1925,155,false
1596,1584,10,false
327,328,115,false
1842,33,10,false
980,906,4,false
1120,1119,37,false
363,79,3,false
1949,1946,155,false
1878,1927,9,false
996,1307,8,false
659,662,27,false
346,1386,4,false
689,1728,11,false
1004,369,49,false
1210,1203,6,false
1160,1169,11,false
981,920,2,false
800,801,7,false
1814,1800,69,false
866,822,4,false
515,514,45,false
1188,1198,2,false
29,246,175,false
1769,1779,9,false
1959,34,10,false
918,979,2,false
1379,1378,42,false
436,441,24,false
1,1586,23,false
1320,125,195,false
555,248,27,false
552,550,5,false
1837,1821,9,false
1829,1790,13,false
1281,1564,52,false
1478,1446,11,false
1835,1834,12,false
315,686,47,false
306,307,142,false
1611,13,162,false
126,282,27,false
256,362,2,false
1641,1660,8,false
164,1254,55,false
1297,1298,30,false
1898,1939,45,false
1464,1439,12,false
295,296,28,false
1364,1362,86,false
1196,1155,2,false
784,853,4,false
81,45,158,false
1114,1113,5,false
203,1041,106,false
413,415,12,false
1988,1987,48,false
1617,1585,48,false
524,523,23,false
793,940,29,false
1076,894,10,false
836,831,2,false
216,132,60,false
1516,1508,44,false
1975,1903,10,false
463,460,19,false
983,927,13,false
518,516,17,false
644,265,53,false
1945,1978,155,false
881,846,2,false
1703,1643,9,false
610,611,12,false
1141,1168,1,false
1960,34,9,false
1633,236,11,false
1365,1345,8,false
1443,1484,11,false
1815,1819,7,false
1723,46,9,false
212,58,98,false
1383,1405,11,false
1467,1464,10,false
1599,1618,85,false
483,486,6,false
1532,1546,9,false
424,421,18,false
1928,1946,10,false
940,982,3,false
45,44,107,false
790,990,3,false
1678,1708,68,false
2010,2008,39,false
1410,1427,79,false
1127,1490,6,false
975,791,7,false
719,722,7,false
1571,1572,7,false
949,952,3,false
1576,1625,10,false
550,551,10,false
452,463,22,false
593,598,7,false
887,844,8,false
1354,1371,10,false
1863,1027,6,false
78,1123,16,false
901,852,2,false
953,951,2,false
261,1221,11,false
1913,1934,3,false
1950,1961,9,false
1583,1606,10,false
1112,1110,7,false
2004,122,108,false
489,494,12,false
321,1722,13,false
805,922,7,false
102,105,108,false
1776,240,95,false
2002,2001,15,false
1859,1827,9,false
1009,1003,143,false
153,99,152,false
207,395,42,false
1699,1642,8,false
1922,1858,42,false
775,890,2,false
1299,188,32,false
747,293,10,false
1754,1757,3,false
1545,1760,82,false
1457,1465,12,false
1246,325,7,false
914,860,7,false
1100,1099,70,false
44,80,172,false
1187,1138,2,false
519,517,24,false
1890,169,10,false
32,1251,3,false
728,731,7,false
777,978,20,false
974,777,34,false
1508,1507,11,false
1468,73,12,false
1171,1170,21,false
1551,1556,52,false
242,243,106,false
154,1656,163,false
45,1723,165,false
1501,1513,54,false
585,584,35,false
1827,1858,11,false
1687,1705,9,false
1577,233,9,false
700,701,7,false
850,977,31,false
1150,1491,5,false
307,308,123,false
1052,1034,5,false
499,507,4,false
1768,1807,10,false
1688,1687,8,false
628,629,5,false
1929,261,7,false
1637,1627,8,false
1002,1007,175,false
1036,1337,45,false
916,1073,11,false
1119,1118,19,false
26,43,32,false
1671,1690,78,false
1989,1116,3,false
36,2005,107,false
1674,1655,9,false
1888,1884,44,false
697,694,23,false
199,200,57,false
1139,1189,1,false
139,1835,10,false
1981,1982,9,false
1904,1881,155,false
185,1030,49,false
1561,1549,7,false
41,117,169,false
1978,1897,10,false
1878,1940,154,false
1703,148,9,false
967,962,4,false
537,539,3,false
850,840,12,false
903,838,2,false
1353,1276,4,false
1914,1909,9,false
1707,151,164,false
1449,1475,18,false
934,784,4,false
461,470,67,false
487,484,4,false
669,666,9,false
1945,1901,44,false
284,377,4,false
172,82,174,false
1971,1937,44,false
1207,1516,31,false
1722,322,13,false
1761,1763,81,false
906,921,5,false
1762,1546,3,false
814,1364,9,false
373,1409,64,false
1211,1228,67,false
251,1004,55,false
853,978,5,false
1629,1582,11,false
97,1364,10,false
3,1843,12,false
42,1346,11,false
1233,765,12,false
1347,1368,5,false
535,537,22,false
1242,1231,13,false
1578,1626,20,false
638,641,8,false
959,960,3,false
1194,1173,15,false
582,587,12,false
1755,1750,44,false
1729,1727,21,false
1796,1787,45,false
805,850,31,false
1661,1698,9,false
1544,1710,9,false
1273,1272,30,false
1469,1449,15,false
699,697,11,false
162,1420,168,false
82,84,33,false
1906,1949,10,false
1917,1879,154,false
1310,1343,89,false
1143,1163,1,false
91,1418,156,false
27,1264,23,false
76,1019,21,false
643,644,12,false
84,1101,21,false
651,648,17,false
1901,1937,10,false
394,1055,115,false
1251,1104,50,false
1525,1524,70,false
83,1222,132,false
1974,127,9,false
1197,1182,1,false
1647,1708,8,false
236,1601,11,false
1537,380,15,false
711,715,45,false
1060,210,48,false
50,364,105,false
1247,80,53,false
37,38,173,false
1930,1822,154,false
132,133,60,false
547,542,29,false
1385,1418,8,false
353,1561,51,false
1105,1120,97,false
166,167,49,false
1972,128,97,false
396,412,34,false
1013,1017,52,false
1953,1939,156,false
1628,1602,62,false
1033,1071,35,false
1259,111,54,false
955,783,1,false
1714,1711,12,false
1528,1526,16,false
1716,1710,7,false
1952,1954,67,false
1170,1184,48,false
1029,1023,172,false
1733,1709,10,false
138,1826,12,false
1977,1970,10,false
1682,1692,10,false
331,1792,9,false
1926,1975,10,false
1589,1594,85,false
240,241,106,false
1879,1919,3,false
858,842,4,false
44,1744,14,false
49,365,3,false
1964,1885,9,false
1601,230,162,false
1827,1902,155,false
388,1961,10,false
1685,1664,73,false
1542,1537,8,false
10,11,171,false
1875,113,163,false
145,216,108,false
1734,1237,31,false
544,545,20,false
690,688,87,false
863,897,9,false
803,814,7,false
673,674,8,false
329,1829,159,false
30,356,3,false
1651,1683,10,false
1575,1612,13,false
434,430,23,false
480,476,32,false
1658,1693,10,false
1679,1674,9,false
1068,1874,10,false
296,757,24,false
75,1018,19,false
1020,6,25,false
971,772,2,false
348,349,173,false
1452,1460,11,false
788,789,31,false
1867,1864,136,false
871,799,7,false
237,1611,10,false
730,291,16,false
1583,251,164,false
1095,1093,6,false
692,690,27,false
1134,1139,2,false
1910,1913,3,false
1972,1977,9,false
1757,1742,2,false
1362,970,11,false
395,394,78,false
1949,1901,8,false
360,257,3,false
109,192,9,false
573,570,9,false
86,1122,53,false
1369,1348,5,false
373,343,20,false
1280,1281,7,false
1584,1628,20,false
1357,1366,10,false
1192,1493,14,false
1606,1604,86,false
1711,1731,10,false
1389,1414,8,false
1575,237,10,false
205,1060,53,false
1485,1461,19,false
1708,149,10,false
1441,1446,80,false
893,810,5,false
1166,1143,1,false
1856,1848,5,false
1161,1169,2,false
1927,261,12,false
774,815,4,false
1740,1747,7,false
1889,1890,9,false
1781,1767,9,false
1549,1287,167,false
1252,2007,7,false
1221,1220,10,false
1124,1175,2,false
130,165,172,false
1004,1005,172,false
357,246,3,false
553,2027,26,false
1000,343,9,false
1069,1311,20,false
1231,1243,9,false
308,1211,71,false
304,305,104,false
428,426,39,false
1003,1013,56,false
1356,1271,3,false
1646,1648,8,false
1881,1941,11,false
1852,1837,9,false
432,433,3,false
339,340,10,false
1434,1374,24,false
671,673,9,false
809,873,2,false
348,1054,52,false
1104,172,54,false
868,987,2,false
1684,1696,13,false
1574,1592,10,false
852,868,3,false
35,1955,11,false
632,636,4,false
2009,2008,56,false
1902,1883,10,false
1218,163,11,false
1912,1921,139,false
631,633,15,false
150,1674,10,false
366,49,2,false
374,185,26,false
1365,1360,43,false
139,1819,12,false
250,1633,162,false
1136,1140,6,false
595,603,12,false
1189,1176,1,false
1670,1679,90,false
950,793,2,false
1847,1851,44,false
835,958,4,false
1657,1641,44,false
60,349,27,false
472,468,16,false
1832,1836,3,false
1316,1338,5,false
98,1076,75,false
714,721,17,false
650,651,60,false
1348,1272,5,false
732,736,11,false
1719,1715,15,false
1009,52,55,false
1433,1372,10,false
1548,1555,54,false
935,794,13,false
782,861,5,false
648,649,15,false
616,407,55,false
917,773,6,false
1255,1871,163,false
112,114,103,false
15,241,174,false
1443,1442,4,false
1039,61,75,false
1585,1608,9,false
619,620,8,false
1593,1603,9,false
1893,1896,5,false
1191,1201,2,false
1525,1527,16,false
873,812,2,false
1174,1191,2,false
1481,1483,4,false
460,464,9,false
583,605,39,false
1727,1724,25,false
1803,1841,40,false
44,325,42,false
685,585,6,false
1817,1814,18,false
115,2012,21,false
860,886,4,false
62,1045,50,false
1805,1794,156,false
1884,1902,10,false
1154,1133,1,false
1329,124,191,false
1212,1210,5,false
351,285,24,false
124,121,171,false
701,702,3,false
1384,161,53,false
1153,1187,1,false
58,1046,53,false
94,338,12,false
989,884,10,false
970,1346,11,false
227,1105,4,false
1547,1558,53,false
1799,998,9,false
1398,1344,87,false
355,1286,52,false
287,320,15,false
1861,1830,9,false
1925,1880,10,false
773,911,5,false
838,973,2,false
1047,1029,162,false
1317,1320,49,false
417,408,83,false
1488,1529,11,false
1549,1567,53,false
155,1675,165,false
1265,363,10,false
772,843,3,false
1946,1926,10,false
1315,1323,3,false
904,950,5,false
1133,1159,1,false
2007,2006,61,false
587,588,11,false
255,91,174,false
4,5,68,false
1012,1009,172,false
309,310,34,false
86,1994,120,false
739,742,12,false
1672,1707,10,false
882,798,9,false
392,204,114,false
24,324,26,false
131,1975,9,false
905,858,12,false
1905,1936,10,false
1652,1644,8,false
1786,1795,42,false
1049,1302,46,false
1113,1111,5,false
1373,1396,44,false
1650,1670,9,false
1394,1397,2,false
1283,258,54,false
1032,134,53,false
630,631,10,false
1473,1474,11,false
1406,248,67,false
1797,1818,11,false
1641,1706,3,false
276,1048,53,false
973,953,3,false
1332,1321,4,false
511,1434,80,false
1850,1851,8,false
843,813,3,false
1837,138,10,false
941,818,2,false
1274,1353,4,false
1858,1840,9,false
1484,1006,42,false
1418,1399,10,false
345,337,79,false
1200,1194,5,false
224,225,44,false
765,764,8,false
1512,1510,7,false
584,583,16,false
2017,545,3,false
857,887,7,false
1615,1612,87,false
1540,1545,8,false
95,154,175,false
783,881,2,false
1873,1026,8,false
465,461,3,false
313,769,25,false
517,518,70,false
2020,2021,35,false
1128,1147,2,false
705,1709,45,false
1663,1679,10,false
720,719,7,false
110,106,174,false
557,554,19,false
207,208,294,false
793,827,7,false
429,432,36,false
289,729,25,false
141,1805,10,false
766,220,15,false
12,1575,164,false
1425,1424,94,false
1453,1459,4,false
234,359,3,false
1683,1700,9,false
745,746,11,false
580,578,33,false
771,314,45,false
1414,1416,2,false
1976,1951,10,false
1916,1912,6,false
===========END LINKS============

VERTICES
Line Format:x,y
-114.062608,51.0515336
-114.0886523,51.0462742
-114.0887152,51.0453463
-114.0848838,51.0452241
-114.0839241,51.0451971
-114.0811351,51.0451177
-114.0764267,51.0449939
-114.0742556,51.0449256
-114.0722901,51.0448639
-114.0704984,51.0448135
-114.0680716,51.0447409
-114.0655705,51.0446627
-114.0606606,51.0445476
-114.0627887,51.0493404
-114.0676924,51.0494637
-114.0715318,51.0495967
-114.080989,51.0498523
-114.0834672,51.0499012
-114.0975082,51.0473651
-114.0926654,51.047272
-114.0920246,51.0474987
-114.0903737,51.0481948
-114.0891779,51.0485886
-114.0871179,51.0492235
-114.0865521,51.0493856
-114.0854382,51.0497519
-114.0846276,51.0499404
-114.0841955,51.0499301
-114.0654216,51.0465653
-114.0703548,51.046707
-114.0738054,51.0468052
-114.0860913,51.0471499
-114.0913606,51.0422182
-114.0839952,51.0420154
-114.0815214,51.041943
-114.0741661,51.0417282
-114.0682573,51.0415682
-114.0657896,51.0414931
-114.0657189,51.0424465
-114.0681852,51.0425165
-114.0741167,51.0426697
-114.0715245,51.0416563
-114.0858463,51.0496239
-114.0859562,51.0490477
-114.0860146,51.0480888
-114.0884776,51.0481513
-114.0894697,51.0481767
-114.0715418,51.0426049
-114.0715219,51.0467316
-114.0737155,51.0477567
-114.0678428,51.047585
-114.0810581,51.0489058
-114.0784752,51.0507307
-114.0818161,51.0460817
-114.0802396,51.0460428
-114.0946951,51.0378196
-114.0930641,51.0378128
-114.0842913,51.0378294
-114.0818292,51.0378396
-114.0793626,51.0378398
-114.0768862,51.0378216
-114.0742397,51.0378235
-114.0715188,51.0378369
-114.0685212,51.0378277
-114.0660614,51.0378294
-114.0611313,51.0378417
-114.0586641,51.0378441
-114.0863775,51.0430304
-114.081464,51.0428827
-114.0715202,51.0388177
-114.0715202,51.0353246
-114.0715231,51.0305894
-114.0715294,51.0476924
-114.0785306,51.0497925
-114.0835472,51.0487896
-114.0836437,51.0485288
-114.083751,51.048166
-114.0837819,51.0476209
-114.0836391,51.0470858
-114.0835059,51.0489783
-114.0837606,51.048029
-114.0836933,51.0461281
-114.0837305,51.0451917
-114.0837079,51.0458359
-114.0760029,51.0506633
-114.0760726,51.0497171
-114.0715352,51.0505391
-114.0783447,51.0522974
-114.0735299,51.0506043
-114.0735913,51.0496405
-114.0738818,51.0458686
-114.0715206,51.0457958
-114.0581246,51.0453881
-114.0715181,51.0435543
-114.0584698,51.0403497
-114.0815922,51.0409997
-114.0715231,51.0407108
-114.0682957,51.0406261
-114.0588425,51.0394002
-114.0816637,51.0400466
-114.0715216,51.0397577
-114.0659297,51.0396045
-114.0683727,51.039672
-114.0592383,51.0384612
-114.0660012,51.0386416
-114.0817348,51.0390975
-114.0946941,51.0394781
-114.0842698,51.0382131
-114.0741666,51.0333046
-114.079264,51.0390413
-114.079212,51.0399802
-114.0791414,51.0409235
-114.0789224,51.0437639
-114.0790842,51.0418415
-114.079009,51.0428046
-114.076485,51.0436949
-114.0765285,51.0427344
-114.0766144,51.0417846
-114.0766966,51.0408648
-114.0767588,51.039904
-114.0768001,51.0389634
-114.0742424,51.0407832
-114.07431,51.0398239
-114.0743679,51.0388818
-114.0744221,51.0384244
-114.0743953,51.0381738
-114.0838805,51.0439043
-114.0840772,51.0410635
-114.084129,51.0401108
-114.0842076,51.0391753
-114.0839317,51.0429677
-114.0892281,51.0378127
-114.0891925,51.0383451
-114.0891225,51.0392999
-114.0890597,51.040247
-114.0889913,51.041204
-114.0889111,51.0421516
-114.0888325,51.043098
-114.0887736,51.0440428
-114.091243,51.0441262
-114.0913021,51.0431667
-114.0914202,51.0412504
-114.0915044,51.0402886
-114.091616,51.0383889
-114.0916209,51.0378148
-114.063338,51.0414327
-114.0634725,51.0395295
-114.0635381,51.0385942
-114.063597,51.0378312
-114.0634132,51.0404873
-114.060885,51.0413643
-114.0610725,51.0385086
-114.0610052,51.0394591
-114.0609566,51.0404079
-114.0607958,51.0423135
-114.0607357,51.0432579
-114.0605977,51.0454543
-114.0631863,51.0433185
-114.0632736,51.0423765
-114.0656508,51.0433883
-114.0681004,51.0434576
-114.0740403,51.0436257
-114.0739679,51.0449164
-114.0866023,51.0401958
-114.08665,51.0392474
-114.0866995,51.0382497
-114.0867541,51.0378145
-114.0865194,51.0411345
-114.0864565,51.0420838
-114.0886275,51.0472199
-114.0862283,51.0452668
-114.0861702,51.0461983
-114.0812514,51.0460678
-114.0811948,51.0470196
-114.0811321,51.0479694
-114.0786149,51.0488469
-114.0715368,51.0486383
-114.0715191,51.037214
-114.0685541,51.0371326
-114.0689721,51.0314539
-114.0715225,51.0315577
-114.0715196,51.0362819
-114.0686252,51.0362095
-114.0715198,51.0360532
-114.0741981,51.0360499
-114.0741721,51.0342634
-114.0715209,51.034261
-114.073279,51.0296217
-114.0739455,51.0325473
-114.0734205,51.0319365
-114.0738974,51.0324764
-114.0741807,51.033376
-114.0688289,51.0333628
-114.0858546,51.034349
-114.0741995,51.0348299
-114.087046,51.0348667
-114.089863,51.0343221
-114.0870435,51.0378143
-114.0870391,51.0356823
-114.0871316,51.0351781
-114.0860351,51.0343964
-114.0900645,51.0364087
-114.088585,51.0364123
-114.0870784,51.0363401
-114.081843,51.0360301
-114.0793719,51.0360434
-114.0783108,51.0378238
-114.0783028,51.0351857
-114.0843026,51.036939
-114.0818368,51.0369254
-114.079391,51.0369352
-114.0856879,51.0378251
-114.0856802,51.0362875
-114.0885154,51.0348133
-114.0885694,51.0378132
-114.0900814,51.0378121
-114.0900432,51.0345218
-114.0733492,51.0306049
-114.069044,51.0305199
-114.090391,51.0480148
-114.0900248,51.0481336
-114.0930787,51.0471611
-114.0913694,51.0477775
-114.0937604,51.0470717
-114.0943835,51.047055
-114.0950001,51.0470559
-114.076141,51.0487698
-114.062704,51.050271
-114.0605134,51.0464265
-114.0604171,51.0483122
-114.0604617,51.0473704
-114.0603275,51.0492608
-114.0630432,51.04554
-114.0629642,51.0465009
-114.062906,51.0474401
-114.0628644,51.04839
-114.0631108,51.0445965
-114.073671,51.0487002
-114.0700139,51.051436
-114.0700759,51.050493
-114.0701734,51.0495435
-114.0702115,51.0485988
-114.0703042,51.047657
-114.0676073,51.0504189
-114.0677712,51.048526
-114.067915,51.0466362
-114.0679861,51.0457011
-114.0704376,51.0457722
-114.0626219,51.0512328
-114.0653148,51.048455
-114.0653602,51.0475124
-114.0654954,51.0456229
-114.078676,51.0478955
-114.0788053,51.0460006
-114.0763521,51.0459347
-114.0762629,51.0468755
-114.0787375,51.046936
-114.0762108,51.0478262
-114.0788592,51.0450579
-114.0585415,51.0393865
-114.0813977,51.043834
-114.0970475,51.0395288
-114.0915489,51.0393615
-114.0658594,51.0405525
-114.0652448,51.0494021
-114.0651698,51.0503471
-114.0741371,51.033021
-114.0740448,51.0327061
-114.0736799,51.0322018
-114.0733511,51.0318
-114.0733492,51.031591
-114.071522,51.0324758
-114.0688838,51.0324221
-114.0715208,51.0343927
-114.0687851,51.0342892
-114.0687197,51.0352575
-114.0741914,51.0351536
-114.0715203,51.035154
-114.0755843,51.0348431
-114.0755827,51.0362929
-114.075587,51.0378226
-114.0743312,51.0379375
-114.0832395,51.0489705
-114.0835767,51.0480249
-114.0836492,51.0468486
-114.0883928,51.0486137
-114.1145602,51.046395
-114.1134715,51.0464496
-114.1129639,51.0465308
-114.1123235,51.0465806
-114.1118882,51.0466055
-114.1109354,51.0468317
-114.1103914,51.0470887
-114.1102121,51.0473404
-114.1095075,51.0476219
-114.1091717,51.0477537
-114.1073626,51.0479379
-114.1066014,51.0478819
-114.1055144,51.047848
-114.1047886,51.0477469
-114.1036775,51.0477118
-114.1031804,51.0476174
-114.1022793,51.0475819
-114.1019559,51.0476394
-114.1004818,51.0476533
-114.1000698,51.0475778
-114.0980528,51.0474752
-114.0963086,51.0474046
-114.0937986,51.0472722
-114.0933915,51.0474251
-114.0918987,51.0476533
-114.0914009,51.0478206
-114.0904111,51.0483926
-114.0881078,51.0490689
-114.0866222,51.0494875
-114.0854136,51.0498414
-114.0844581,51.0500988
-114.0870986,51.049069
-114.0636576,51.0370069
-114.1143513,51.0463959
-114.0882659,51.0487883
-114.0879623,51.0489138
-114.0876911,51.0490009
-114.087453,51.049129
-114.0859408,51.0494176
-114.0908447,51.0477642
-114.0740462,51.0447722
-114.0741028,51.043746
-114.0911372,51.0454195
-114.0937534,51.0432335
-114.0938313,51.0422864
-114.0760864,51.0398782
-114.0760255,51.0408317
-114.0739454,51.0437558
-114.0738786,51.044759
-114.0714763,51.0436428
-114.0714685,51.0451926
-114.0715752,51.0436464
-114.0715848,51.0452321
-114.0715251,51.045309
-114.0715192,51.0369355
-114.0688021,51.0337992
-114.0704895,51.0451142
-114.0715895,51.0445276
-114.0714946,51.044491
-114.0706409,51.0452552
-114.0785084,51.0502714
-114.0818052,51.0381601
-114.0793435,51.0380791
-114.0936915,51.0441878
-114.083637,51.0470631
-114.0811961,51.0469985
-114.0787375,51.0469217
-114.0762655,51.0468584
-114.0738068,51.0467889
-114.0703562,51.0466873
-114.0679165,51.0466164
-114.065423,51.0465471
-114.0629649,51.0464815
-114.0787363,51.046955
-114.0811939,51.0470309
-114.0762613,51.0468934
-114.0836418,51.047104
-114.073802,51.046822
-114.071522,51.0467507
-114.0715215,51.046718
-114.0703548,51.0467257
-114.0679139,51.0466502
-114.0654202,51.0465875
-114.0629628,51.0465147
-114.0887449,51.0446838
-114.0713958,51.045258
-114.0704792,51.0452886
-114.0741989,51.0362825
-114.0741995,51.0369579
-114.0832888,51.0489719
-114.0836326,51.0480266
-114.0954711,51.0470747
-114.0965027,51.0472292
-114.0887352,51.047179
-114.0884217,51.0471772
-114.0887385,51.0471403
-114.0636997,51.0493657
-114.0661994,51.0378296
-114.0662424,51.0373703
-114.0659354,51.0378283
-114.0659595,51.0373483
-114.086336,51.0439738
-114.0849855,51.0425168
-114.0859481,51.0425429
-114.088743,51.0447246
-114.0870612,51.0373554
-114.0856882,51.0373571
-114.0776817,51.038513
-114.0777223,51.037821
-114.0679499,51.049032
-114.0663161,51.0489829
-114.0672997,51.0490102
-114.0662762,51.0495698
-114.0669629,51.0491612
-114.0664171,51.0486055
-114.0663024,51.0493006
-114.0664158,51.0486385
-114.0663122,51.0491426
-114.0663353,51.0486807
-114.0663277,51.0487906
-114.0656487,51.0487768
-114.068117,51.0489828
-114.0699805,51.0490997
-114.0696284,51.0490881
-114.0696343,51.049008
-114.0679339,51.049329
-114.0695531,51.0489466
-114.0693688,51.0493922
-114.0693945,51.0489473
-114.0692973,51.0491017
-114.0692992,51.049014
-114.0695448,51.049164
-114.0693922,51.0491607
-114.0693287,51.04975
-114.069902,51.0500024
-114.0699631,51.050004
-114.0693162,51.0499014
-114.0697008,51.0499096
-114.0703499,51.0500137
-114.0712968,51.050348
-114.0708748,51.0498522
-114.0707428,51.0503311
-114.0703633,51.0497107
-114.0712162,51.0498599
-114.0713106,51.0500683
-114.0708698,51.0497225
-114.0708704,51.0497005
-114.0712056,51.0500658
-114.0710205,51.0490446
-114.0708998,51.0493296
-114.0709534,51.0494071
-114.0704143,51.0490244
-114.0708944,51.0494055
-114.0704151,51.0490469
-114.0709105,51.0491171
-114.0703258,51.0491137
-114.0703289,51.0490633
-114.0712362,51.0490785
-114.0708918,51.0494303
-114.070412,51.049065
-114.0710151,51.0491171
-114.0710183,51.0490747
-114.0699455,51.0481351
-114.0692717,51.0484435
-114.0695622,51.0487076
-114.0695761,51.0484538
-114.069574,51.0484718
-114.0698956,51.0481335
-114.070472,51.048351
-114.0698792,51.0484032
-114.0704211,51.0481486
-114.0704827,51.0481499
-114.0708931,51.0481587
-114.0694419,51.0481205
-114.0693805,51.0480977
-114.0695869,51.0478333
-114.0694316,51.0482843
-114.0695679,51.0481234
-114.0693803,51.0481183
-114.0687429,51.047299
-114.0687472,51.0471618
-114.0694447,51.0473291
-114.0692891,51.0472195
-114.069426,51.047502
-114.0681077,51.0471868
-114.0694286,51.0474657
-114.0688918,51.0473007
-114.0681319,51.0472003
-114.068573,51.0472937
-114.069581,51.047158
-114.0701831,51.0471707
-114.0690585,51.0472145
-114.0695118,51.0474691
-114.0695573,51.0474438
-114.0684416,51.0472043
-114.071172,51.047319
-114.0711827,51.0471729
-114.0705183,51.0471174
-114.0711844,51.0471376
-114.0711774,51.0472195
-114.070515,51.0471505
-114.0705113,51.0471764
-114.0687598,51.0468662
-114.0693508,51.0469666
-114.0690094,51.0465541
-114.0692113,51.0468721
-114.0691528,51.0468735
-114.0687652,51.0467633
-114.0667793,51.0461322
-114.0667449,51.0467707
-114.0667604,51.0464978
-114.0677556,51.0461608
-114.0676965,51.0471492
-114.06812,51.0461742
-114.0695661,51.0458475
-114.0671387,51.0461427
-114.0694019,51.0462253
-114.069043,51.0462097
-114.0680468,51.0471596
-114.0676578,51.0469902
-114.0676509,51.0471489
-114.0695397,51.0461466
-114.0666743,51.0467703
-114.0667738,51.0463597
-114.0702229,51.046169
-114.0667471,51.0466904
-114.0666617,51.0469682
-114.0697934,51.0436431
-114.0702054,51.0439514
-114.0703141,51.0442438
-114.0693106,51.0443614
-114.0703065,51.0443948
-114.0690553,51.0445012
-114.069116,51.0445457
-114.0690588,51.0445792
-114.0690098,51.0446077
-114.0713717,51.0448397
-114.0716891,51.0448461
-114.0690966,51.044885
-114.0675862,51.0449341
-114.0689951,51.0449828
-114.0691812,51.0449866
-114.0706553,51.0451455
-114.067568,51.0451731
-114.0681787,51.0451744
-114.0689818,51.045191
-114.067568,51.0451973
-114.0699112,51.0451989
-114.0703015,51.0452053
-114.0681317,51.0452098
-114.0706119,51.0452103
-114.0681767,51.0452113
-114.0706512,51.0452116
-114.0706511,51.0452405
-114.0691603,51.0452485
-114.0699112,51.0452612
-114.0706471,51.0453176
-114.0706432,51.04534
-114.0709161,51.0453438
-114.0709081,51.0454277
-114.0698889,51.0455154
-114.0689648,51.0455752
-114.0691448,51.045579
-114.0695775,51.0456019
-114.069715,51.045607
-114.0695755,51.0456441
-114.072899,51.0459398
-114.0726688,51.0460023
-114.0704117,51.0460111
-114.0715255,51.0460139
-114.0726526,51.0461709
-114.0728786,51.0461819
-114.0717993,51.0462089
-114.0703994,51.0463008
-114.0715234,51.0463991
-114.0726203,51.0465061
-114.0731238,51.0465188
-114.0717791,51.046576
-114.0722113,51.0465935
-114.0726107,51.0466062
-114.0722062,51.0466491
-114.0721911,51.046843
-114.0723554,51.0468462
-114.0616067,51.0475663
-114.0636051,51.0476036
-114.0636396,51.0476037
-114.0615914,51.0476443
-114.0615914,51.0476972
-114.0664874,51.0477143
-114.0616082,51.0477697
-114.0646012,51.0477818
-114.0626628,51.0478392
-114.0625979,51.0478407
-114.0631275,51.0478497
-114.0616707,51.0478512
-114.0625403,51.0478553
-114.0634028,51.047856
-114.0636212,51.047861
-114.0641208,51.0478724
-114.0617476,51.0479041
-114.0623985,51.0479132
-114.0622592,51.0479464
-114.0618677,51.0479524
-114.0620118,51.047969
-114.0611086,51.047972
-114.0612119,51.047972
-114.0616058,51.0479751
-114.0610798,51.0479781
-114.0651297,51.0479785
-114.0613945,51.0479796
-114.0654936,51.0479842
-114.0615098,51.0479856
-114.0610605,51.0479931
-114.0664694,51.0480144
-114.0673372,51.0480352
-114.065086,51.0480823
-114.0651228,51.0480826
-114.0650072,51.0480831
-114.0637701,51.048111
-114.0644681,51.0481221
-114.0646541,51.0482559
-114.0637602,51.0483143
-114.0664366,51.0483475
-114.0637468,51.048523
-114.0637408,51.0486305
-114.0643654,51.048651
-114.0637947,51.0486659
-114.0638446,51.0487054
-114.0643596,51.0487404
-114.0648709,51.0487537
-114.0638907,51.0487646
-114.0639157,51.0488274
-114.0639118,51.0489083
-114.0638734,51.0489675
-114.0638138,51.0490207
-114.0637331,51.0490642
-114.0636371,51.0490944
-114.0635487,51.0491076
-114.0634064,51.0491089
-114.0634814,51.0491089
-114.0636236,51.0491907
-114.0639527,51.0491982
-114.0640175,51.0492073
-114.0636116,51.04923
-114.0637485,51.0492315
-114.0640728,51.0492345
-114.0639599,51.049236
-114.0633968,51.0492454
-114.0635347,51.0492466
-114.064104,51.0492617
-114.0634747,51.0492858
-114.0641449,51.0492994
-114.063429,51.0493085
-114.0633594,51.0493357
-114.0642337,51.0493402
-114.0632294,51.0493528
-114.0643346,51.0493628
-114.0644905,51.0493874
-114.0633816,51.0494607
-114.0633623,51.0498035
-114.0637485,51.0498107
-114.064767,51.049917
-114.0649703,51.0499196
-114.0637331,51.0499847
-114.0645825,51.0500064
-114.0636106,51.0466502
-114.063922,51.0466591
-114.0623557,51.0466684
-114.0625077,51.0466715
-114.0635894,51.0469172
-114.0638917,51.0469247
-114.06122,51.0469278
-114.0606619,51.0469428
-114.0620127,51.0469461
-114.0611498,51.0469492
-114.0610363,51.0469496
-114.0612217,51.0469522
-114.0623314,51.0469562
-114.0635903,51.0469822
-114.0632183,51.0469972
-114.0623233,51.047002
-114.0622942,51.0470478
-114.0632163,51.0470735
-114.0635843,51.0470798
-114.0622376,51.0470996
-114.0635823,51.0471027
-114.0621534,51.0471495
-114.0620612,51.0471769
-114.061948,51.0472156
-114.0619068,51.047237
-114.0618315,51.0472807
-114.061762,51.0473386
-114.0635703,51.0473493
-114.0617248,51.0473813
-114.0616633,51.0474678
-114.0616196,51.0475349
-114.063556,51.0476011
-114.064209,51.0477685
-114.0642009,51.0478763
-114.0860233,51.0496647
-114.0849518,51.0499871
-114.0900169,51.04549
-114.0887041,51.0455089
-114.0912515,51.0455188
-114.0899096,51.0455358
-114.0916268,51.0455368
-114.0900242,51.0455646
-114.0920736,51.0455854
-114.0903817,51.0456179
-114.0901021,51.0456237
-114.0923773,51.0456539
-114.0901571,51.0456871
-114.092509,51.0457061
-114.0902282,51.0457318
-114.0903084,51.0457591
-114.0903382,51.0457606
-114.0905238,51.0457779
-114.0925788,51.0457913
-114.0886848,51.0457938
-114.0907369,51.0458268
-114.0897148,51.0458355
-114.0898794,51.0458466
-114.0897951,51.0458629
-114.0909157,51.0458989
-114.0898203,51.0459162
-114.09106,51.0459954
-114.0911482,51.046091
-114.0912044,51.0461885
-114.0898088,51.0463196
-114.0903817,51.0463268
-114.0901687,51.0463297
-114.0904688,51.0463354
-114.0908217,51.0463354
-114.0909076,51.0463388
-114.091225,51.0463397
-114.0907277,51.0463513
-114.0905582,51.0463541
-114.0906429,51.0463686
-114.1139162,51.046405
-114.1141878,51.0464087
-114.0912113,51.0464262
-114.0911631,51.0465414
-114.1126179,51.0465697
-114.1121095,51.0465758
-114.0911183,51.0465942
-114.091044,51.0466697
-114.0886227,51.0466889
-114.1115002,51.0466942
-114.0897721,51.0467143
-114.0909386,51.0467417
-114.0908217,51.0467964
-114.09194,51.0468152
-114.0907163,51.046831
-114.0900105,51.0468613
-114.0900769,51.0468642
-114.0905604,51.0468627
-114.0902121,51.0468757
-114.0903817,51.0468786
-114.1106502,51.046904
-114.1105182,51.0469504
-114.1104503,51.0470114
-114.0915076,51.0469516
-114.090648,51.0470938
-114.093398,51.0471095
-114.1103106,51.047231
-114.0910646,51.0473526
-114.1100176,51.0474616
-114.1033905,51.0476665
-114.1042967,51.0477214
-114.0903382,51.0478294
-114.1088726,51.0478446
-114.1060394,51.047869
-114.0902007,51.0478914
-114.1082846,51.0479166
-114.1078072,51.0479508
-114.0900242,51.0479562
-114.0910806,51.0479685
-114.0899371,51.0479749
-114.0898306,51.0479902
-114.0902184,51.048082
-114.08974,51.0481756
-114.0908056,51.048199
-114.0901096,51.0485106
-114.0892989,51.0487249
-114.0886767,51.0488947
-114.0703148,51.0410323
-114.0695305,51.0410344
-114.0686429,51.041125
-114.0706082,51.0411908
-114.071262,51.0408646
-114.0693487,51.0408316
-114.0708627,51.0408782
-114.0707839,51.0411229
-114.0706693,51.041077
-114.0698146,51.0411775
-114.0688513,51.0409998
-114.0707978,51.0411666
-114.0692331,51.0409811
-114.0702346,51.0410622
-114.0705354,51.0412
-114.0687377,51.0410912
-114.0698112,51.0409436
-114.0702421,51.0409537
-114.0696767,51.0410909
-114.0686759,51.0408863
-114.071196,51.0408889
-114.0698138,51.0412256
-114.0707807,51.0412101
-114.0689607,51.0409712
-114.0707271,51.0411667
-114.0684199,51.0411195
-114.0709819,51.0413994
-114.0697358,51.0409445
-114.0706777,51.0409653
-114.070772,51.0409681
-114.0696598,51.0411579
-114.0713313,51.0408316
-114.0695671,51.0412725
-114.0706488,51.0413606
-114.0685518,51.0411226
-114.0706146,51.041249
-114.070283,51.0412565
-114.0697546,51.0411051
-114.07028,51.0411737
-114.0702069,51.040958
-114.0697998,51.0410967
-114.0703207,51.0409939
-114.0713949,51.0407921
-114.0686435,51.0410912
-114.0705243,51.0411602
-114.0698243,51.0411029
-114.0698385,51.0411692
-114.0697804,51.0409424
-114.0702539,51.0412438
-114.0706001,51.0411436
-114.069712,51.0410701
-114.0707626,51.0411035
-114.0697426,51.0411645
-114.0708927,51.041297
-114.0693022,51.0415132
-114.0698947,51.041198
-114.071156,51.0414579
-114.0696567,51.041135
-114.0698573,51.0411406
-114.0698548,51.0411244
-114.0688208,51.0412103
-114.0707687,51.0413669
-114.0702557,51.0407678
-114.0707043,51.0412472
-114.0698446,51.0411134
-114.0707941,51.0411443
-114.0706363,51.0411213
-114.0691151,51.0412767
-114.0702063,51.0414523
-114.0712679,51.0415076
-114.0684914,51.0414125
-114.0703235,51.041013
-114.0687948,51.0410351
-114.0697467,51.0413354
-114.0707921,51.0411928
-114.0698033,51.0410512
-114.0709671,51.0409521
-114.0687944,51.0411309
-114.0702166,51.0413486
-114.0708236,51.0413328
-114.0702606,51.0413424
-114.069276,51.0410005
-114.069307,51.041426
-114.0701631,51.0413353
-114.0705923,51.0411605
-114.0687127,51.0409226
-114.0685377,51.0414116
-114.0701335,51.04129
-114.0709109,51.0410448
-114.0689061,51.0409834
-114.0701395,51.0413144
-114.0686537,51.0413193
-114.0707079,51.0411947
-114.070274,51.0409593
-114.0697561,51.041055
-114.0702775,51.0410562
-114.0702844,51.0413307
-114.0707241,51.041152
-114.0693568,51.041428
-114.0696441,51.0409677
-114.0689166,51.0412527
-114.0697755,51.0410989
-114.068698,51.0408121
-114.0707485,51.0412324
-114.0687308,51.0412544
-114.0689709,51.0412645
-114.0686905,51.0411376
-114.0697653,51.0411752
-114.0687156,51.041083
-114.0707955,51.0411814
-114.0708632,51.0413779
-114.0691667,51.0412721
-114.0684225,51.0410841
-114.0684452,51.0407539
-114.0709333,51.0410738
-114.0687583,51.0409732
-114.0701525,51.0412599
-114.0698432,51.0410528
-114.0705959,51.0411754
-114.06974,51.0411161
-114.0707706,51.0409778
-114.0702823,51.0411314
-114.0693525,51.0407425
-114.0688677,51.0412321
-114.0706261,51.041076
-114.0685685,51.0413745
-114.0707212,51.0411832
-114.0686911,51.0410804
-114.0699321,51.0411445
-114.0702464,51.0413461
-114.070249,51.0408594
-114.070615,51.0411295
-114.0697919,51.0411802
-114.0687013,51.0414099
-114.0692499,51.041243
-114.0694875,51.0411797
-114.0693643,51.0408319
-114.0691244,51.041009
-114.0699266,51.0411116
-114.0695725,51.0409993
-114.0690208,51.0412717
-114.0693272,51.0411212
-114.0708465,51.0410044
-114.0699028,51.0410868
-114.0708652,51.0407859
-114.0694952,51.0410759
-114.0687335,51.0411281
-114.0701973,51.0415381
-114.0697287,51.0411368
-114.069319,51.0412447
-114.0707412,51.0413534
-114.0690672,51.0412755
-114.0697012,51.0413282
-114.0690741,51.0409593
-114.0691281,51.0409598
-114.0695179,51.0412326
-114.0694806,51.0411237
-114.0701589,51.0410293
-114.0697329,51.0411246
-114.0703015,51.0412752
-114.0687964,51.0410912
-114.0703036,51.041309
-114.0691862,51.0409689
-114.0709269,51.0412683
-114.0686672,51.0410848
-114.0701375,51.0412772
-114.0696991,51.0412029
-114.0701522,51.0410101
-114.0702184,51.0412395
-114.069852,51.041158
-114.06962,51.0413016
-114.0688167,51.0410151
-114.0705644,51.0411014
-114.0708619,51.0409626
-114.0710824,51.0414323
-114.0701918,51.0413457
-114.0685209,51.0407893
-114.070168,51.0410396
-114.0697882,51.041225
-114.070713,51.0411377
-114.0701965,51.0410556
-114.0706922,51.041127
-114.0711428,51.040909
-114.0707981,51.0411578
-114.0686644,51.0411327
-114.0706299,51.0412025
-114.070656,51.0412495
-114.0706871,51.0412042
-114.0706589,51.0412073
-114.0703068,51.0412919
-114.0701561,51.0409921
-114.0710664,51.0409327
-114.0705622,51.041227
-114.0697391,51.0412204
-114.0707242,51.0410847
-114.0701798,51.0409686
-114.0683949,51.0414453
-114.0687828,51.0411879
-114.0713693,51.0415554
-114.0703012,51.0410448
-114.0699196,51.0411726
-114.0706647,51.0411194
-114.068867,51.0408205
-114.0686075,51.0408412
-114.0690201,51.0409643
-114.069779,51.0413366
-114.069336,51.0410023
-114.0687142,51.041134
-114.0692049,51.0412619
-114.069731,51.0411502
-114.0701804,51.0412455
-114.0696724,51.0411792
-114.0712118,51.0414818
-114.0703015,51.040972
-114.0701732,51.0411696
-114.0702942,51.0413225
-114.0705336,51.0411292
-114.0685532,51.0410882
-114.0696633,51.0411132
-114.070176,51.0411281
-114.0742276,51.0379203
-114.0745443,51.0378235
-114.0741516,51.0378237
-114.0684507,51.0387282
-114.0715214,51.0333968
-114.0946096,51.0423084
-114.0946926,51.0418308
-114.094612,51.0432584
-114.0705431,51.0451872
-114.0813357,51.0455979
-114.0654583,51.0460963
-114.0831388,51.0484701
-114.0653922,51.0470196
-114.0629416,51.0469522
-114.0715331,51.0481588
-114.0679519,51.0461509
-114.0630011,51.0460291
-114.0810983,51.0484145
-114.0785726,51.049322
-114.081023,51.0493869
-114.0786462,51.0483599
-114.0831036,51.0489665
-114.0761767,51.0482874
-114.073694,51.0482134
-114.0678811,51.0470811
-114.0830775,51.0494326
-114.083592,51.0486274
-114.0837164,51.0483517
-114.0814912,51.0451269
-114.0818356,51.0373778
-114.0741991,51.0364974
-114.0749031,51.0378231
-114.0689287,51.0319399
-114.0715222,51.0320222
-114.0970737,51.0390551
-114.0993557,51.0390595
-114.0715194,51.0367577
-114.0749106,51.0362835
-114.0741949,51.0356169
-114.0741099,51.0329282
-114.0891568,51.038832
-114.0741932,51.0346992
-114.0715217,51.0329749
-114.0715195,51.0364975
-114.0715195,51.0383518
-114.0715206,51.0347129
-114.0842379,51.0387067
-114.0768357,51.0384911
-114.0735208,51.0320391
-114.0885745,51.0373576
-114.0741696,51.0338189
-114.0915808,51.0388992
-114.0733492,51.0310762
-114.0742192,51.037381
-114.0842998,51.0373575
-114.0748925,51.0348365
-114.0686786,51.0357246
-114.0715228,51.0310762
-114.0715211,51.0339134
-114.0688584,51.0328875
-114.0715217,51.0329384
-114.099239,51.0391156
-114.0817705,51.0386227
-114.0793164,51.0385506
-114.0715211,51.0338223
-114.0687522,51.0347767
-114.071519,51.0373869
-114.0843087,51.0365007
-114.0818398,51.0364974
-114.0793816,51.0364974
-114.0900758,51.0373474
-114.0793617,51.0373908
-114.0715201,51.0356068
-114.0690077,51.0309917
-114.068801,51.0338323
-114.0866743,51.0387575
-114.0946944,51.0389922
-114.0715199,51.0358024
-114.0685915,51.0366709
-114.0741783,51.0343926
-114.0702657,51.0406789
-114.0708744,51.0406902
-114.0701928,51.0416209
-114.0693021,51.0415967
-114.069356,51.0406557
-114.1027423,51.0420553
-114.0913895,51.0417481
-114.0889502,51.0416802
-114.0993407,51.0419769
-114.096886,51.0419029
-114.1017992,51.0420406
-114.089589,51.0385598
-114.0893543,51.0387841
-114.0891848,51.0384674
-114.0895475,51.0385505
-114.0897111,51.0385707
-114.0898076,51.0386188
-114.0894482,51.0384923
-114.0896695,51.0385589
-114.0894066,51.0384822
-114.0895193,51.0385336
-114.0895582,51.0387065
-114.0903523,51.0383668
-114.0895113,51.0387428
-114.0862921,51.0345251
-114.0866598,51.0346532
-114.0843135,51.036152
-114.0778368,51.0454929
-114.0788253,51.0455207
-114.0837212,51.0456532
-114.086201,51.0457366
-114.0836629,51.046625
-114.0861324,51.0466787
-114.0761386,51.0488037
-114.0763652,51.0488848
-114.0765621,51.049015
-114.0767781,51.049186
-114.0768525,51.0491875
-114.0767269,51.0491965
-114.0769126,51.0492162
-114.0766917,51.0492494
-114.076939,51.0492569
-114.0769342,51.0492932
-114.0767217,51.0493223
-114.076891,51.0493309
-114.0767949,51.049343
-114.0766877,51.0493543
-114.0764942,51.0494696
-114.0760762,51.0496675
-114.0735608,51.0501188
-114.0760379,51.0501879
-114.083765,51.047479
-114.0763764,51.0405148
-114.0763793,51.0406217
-114.0762425,51.0405907
-114.0761178,51.0405881
-114.0763988,51.0407073
-114.0767044,51.0407821
-114.0764256,51.0406705
-114.0764333,51.0406805
-114.0764297,51.0405713
-114.0764047,51.0404849
-114.0763826,51.0405702
-114.0773429,51.0406923
-114.0773852,51.0407145
-114.0763697,51.0405765
-114.0763831,51.0405223
-114.0763982,51.040567
-114.077304,51.0407125
-114.0764105,51.040626
-114.0764002,51.0406625
-114.0764364,51.0404911
-114.0764274,51.0405279
-114.0763715,51.0406996
-114.0764116,51.0406641
-114.0763816,51.0407046
-114.0776982,51.0406047
-114.0763646,51.0406921
-114.0761232,51.0404073
-114.0764386,51.0405224
-114.0764211,51.0407021
-114.0764078,51.0405303
-114.076397,51.0404863
-114.0763609,51.0405852
-114.0764419,51.0405782
-114.0773899,51.0405839
-114.0764132,51.0407052
-114.0764119,51.0404846
-114.0766006,51.040602
-114.0764496,51.0405873
-114.0764461,51.0405134
-114.0764433,51.0404969
-114.0764131,51.0405304
-114.0763849,51.0404915
-114.0764287,51.0404875
-114.0763785,51.040497
-114.076401,51.0406262
-114.0764519,51.0405975
-114.0767227,51.0404207
-114.0767124,51.0406047
-114.0764156,51.0404138
-114.0775486,51.0405878
-114.0763632,51.0406811
-114.0763749,51.040504
-114.0764146,51.0405674
-114.0763946,51.0406256
-114.0764408,51.0406157
-114.0762834,51.0405924
-114.0773972,51.0404359
-114.076393,51.0406627
-114.0764306,51.0406943
-114.077243,51.0407117
-114.0767473,51.0399933
-114.0764495,51.0406059
-114.0776197,51.0407594
-114.0763954,51.0405282
-114.0763671,51.0406147
-114.076405,51.0405668
-114.0772368,51.0407939
-114.07637,51.0406713
-114.0776793,51.0408884
-114.077386,51.0406594
-114.0775418,51.0407184
-114.0764302,51.0406215
-114.0763574,51.0405942
-114.0764335,51.0406883
-114.0763595,51.0406055
-114.0766295,51.0406033
-114.0775399,51.040756
-114.0763813,51.0406652
-114.0764463,51.0405021
-114.088563,51.0487314
-114.088565,51.0482422
-114.0885542,51.0485523
-114.055854,51.0426433
-114.065828,51.0378275
-114.0663018,51.0378297
-114.0836378,51.0499084
-114.0885923,51.0487765
-114.0952972,51.0473934
-114.0886162,51.0488118
-114.0884135,51.048522
-114.0883621,51.0486981
-114.085933,51.0495196
-114.0740973,51.0448104
-114.0739632,51.0458054
-114.0740544,51.0449925
-114.0741563,51.0437517
-114.0814506,51.0439174
-114.0813211,51.0439189
-114.0818471,51.0451366
-114.0812235,51.0455945
-114.0818193,51.0456091
-114.0811995,51.046004
-114.0813077,51.0460054
-114.0940274,51.0472855
-114.0943434,51.0473828
-114.0892062,51.0478948
-114.0888757,51.047656
-114.0894068,51.0479916
-114.0894261,51.048055
-114.089675,51.0480135
-114.0885439,51.0476992
-114.0891659,51.0481309
-114.0887765,51.0476223
-114.0890689,51.0481647
-114.0885468,51.0476125
-114.0860489,51.0476362
-114.0891176,51.0478392
-114.0893022,51.0480894
-114.0895784,51.0480219
-114.0893049,51.0479478
-114.0911368,51.0475867
-114.0922651,51.0474136
-114.0859466,51.0494764
-114.0834862,51.0494476
-114.0835967,51.0498551
-114.0835965,51.0494523
-114.0860889,51.047178
-114.0860934,51.0471266
-114.0890906,51.0397813
-114.0816994,51.03957
-114.0866267,51.0397109
-114.099476,51.0400781
-114.0915253,51.0398509
-114.0946935,51.0399414
-114.0841685,51.0396406
-114.0792386,51.0394997
-114.0970143,51.0400077
-114.0959464,51.0471267
-114.0886306,51.0471962
-114.0886345,51.0471574
-114.0849447,51.0499013
-114.0836586,51.0471924
-114.0735542,51.0469083
-114.0744804,51.0379632
-114.074503,51.037885
-114.0826327,51.0489526
-114.0709574,51.0412007
-114.0711925,51.0410792
-114.071397,51.0413183
-114.0713963,51.0410533
-114.0708826,51.0411385
-114.0712072,51.0412759
-114.0708746,51.0411967
-114.0665216,51.0461275
-114.078964,51.0433028
-114.0814367,51.0433664
-114.0787065,51.0474193
-114.0786147,51.0474149
-114.0764309,51.0473451
-114.0762369,51.0473437
-114.0765063,51.0432249
-114.0788503,51.0432979
-114.0738445,51.0463261
-114.0763088,51.0463969
-114.0755863,51.0375871
-114.0763481,51.0375888
-114.0733184,51.0299881
-114.0691261,51.0382067
-114.0684893,51.0382346
-114.0689531,51.0382472
-114.0695218,51.0382152
-114.0695647,51.0378269
-114.069559,51.0378893
-114.074859,51.0383225
-114.0744363,51.0383124
-114.0733199,51.0298996
-114.0715231,51.0306638
-114.071522,51.032386
-114.0715226,51.0314884
-114.0715219,51.0325614
-114.0715225,51.031625
-114.0715208,51.0343286
-114.0715203,51.035272
-114.0715214,51.0334605
-114.0715214,51.0333304
-114.071661,51.037389
-114.0715203,51.038892
-114.0715198,51.0359779
-114.0716471,51.0387537
-114.07166,51.0377539
-114.0714111,51.0388844
-114.0714017,51.0387241
-114.0713843,51.0379222
-114.07166,51.0379192
-114.0713829,51.0377485
-114.0715188,51.0379208
-114.0716481,51.0383528
-114.0713813,51.0373131
-114.0715188,51.0377503
-114.0713945,51.0387431
-114.0715193,51.0368642
-114.0715217,51.0398392
-114.0714049,51.0388115
-114.0713852,51.0378377
-114.0716581,51.0378362
-114.0716467,51.0388262
-114.071656,51.0396884
-114.0716445,51.0388995
-114.0713628,51.037288
-114.0716544,51.0397606
-114.0713941,51.0373419
-114.071399,51.0398347
-114.0714017,51.0396846
-114.0715201,51.0387481
-114.0714044,51.0379601
-114.0714012,51.0383788
-114.0714008,51.0397555
-114.0716512,51.0398432
-114.0716645,51.0370124
-114.0715215,51.0396859
-114.0713695,51.0417582
-114.0713989,51.0407067
-114.0713689,51.041653
-114.0716371,51.0415287
-114.0713308,51.041315
-114.0709651,51.0411403
-114.0716612,51.0416609
-114.0715398,51.0419327
-114.0716627,51.0417602
-114.0708784,51.0411691
-114.071656,51.0407964
-114.0713923,51.0415271
-114.0712234,51.0410621
-114.0716538,51.0406409
-114.0712621,51.0410535
-114.0716418,51.0408247
-114.0714079,51.0402508
-114.0715936,51.0417604
-114.0715244,51.0415585
-114.0715959,51.0418311
-114.0715232,51.0407939
-114.0714052,51.0406362
-114.071523,51.0406361
-114.0715217,51.0417593
-114.0716611,51.0415627
-114.0712657,51.0413038
-114.0716445,51.0406055
-114.0716583,51.0407146
-114.0713819,51.0436385
-114.0716627,51.042697
-114.0716968,51.0462047
-114.071375,51.0462122
-114.0656902,51.0429204
-114.0714044,51.0427371
-114.0714071,51.0434555
-114.071401,51.0430812
-114.0716673,51.0425339
-114.0713736,51.0466427
-114.071355,51.0462113
-114.0716726,51.0468299
-114.0681426,51.0429895
-114.0716632,51.0458645
-114.0705926,51.0452388
-114.0715396,51.0426945
-114.071391,51.0434749
-114.0716789,51.0466517
-114.071387,51.0457144
-114.0740778,51.0431565
-114.071469,51.0452433
-114.0715427,51.0425335
-114.0713741,51.0467285
-114.071525,51.0466482
-114.0716509,51.0430882
-114.0713751,51.0467136
-114.0713958,51.0425318
-114.0716533,51.0457182
-114.0716703,51.0466236
-114.0713723,51.0467475
-114.0716656,51.0462156
-114.0713536,51.0452738
-114.0713668,51.0468248
-114.0715227,51.0468277
-114.0713808,51.0457936
-114.0716491,51.0434534
-114.0716525,51.0418627
-114.0713932,51.0453058
-114.0713985,51.0443801
-114.0715199,51.0434787
-114.0713937,51.0426916
-114.0716655,51.042608
-114.0716761,51.0467228
-114.0583191,51.0427129
-114.0716747,51.0467365
-114.0632297,51.0428512
-114.0716589,51.0458009
-114.060766,51.0427818
-114.0716561,51.0435583
-114.071652,51.0436499
-114.0715191,51.0457163
-114.0715212,51.0458582
-114.0716525,51.0453148
-114.0716592,51.0444758
-114.0713959,51.0426011
-114.0713972,51.0436718
-114.0716961,51.0462173
-114.0716747,51.0467555
-114.0716561,51.0434822
-114.0713762,51.0458518
-114.0715298,51.0430848
-114.0713856,51.0435506
-114.0713559,51.0461954
-114.0715348,51.0504328
-114.0716927,51.0504409
-114.0713575,51.0496863
-114.0713668,51.0487294
-114.0713642,51.0475828
-114.0713682,51.050424
-114.0714039,51.0487753
-114.0713923,51.0478104
-114.0713751,51.0477817
-114.0713669,51.0468245
-114.0713682,51.0485305
-114.0713731,51.0494911
-114.0732251,51.0470613
-114.0716632,51.0477927
-114.0717446,51.0472343
-114.0716858,51.0486426
-114.0719644,51.0470777
-114.071672,51.0468606
-114.0717016,51.0497189
-114.0716573,51.0475435
-114.0725599,51.0473901
-114.0715321,51.0496926
-114.0715363,51.0487374
-114.071664,51.0472316
-114.0716627,51.0496943
-114.0718242,51.046872
-114.0725953,51.0472624
-114.0716654,51.0485435
-114.071536,51.0485384
-114.0715286,51.0475863
-114.0716968,51.0487404
-114.0716671,51.0476968
-114.0716673,51.0475904
-114.0713681,51.0476881
-114.0717424,51.0473619
-114.0725146,51.0468765
-114.0727857,51.0468848
-114.0716506,51.0485005
-114.0716646,51.0495017
-114.0716641,51.0495995
-114.0717611,51.0470735
-114.0728018,51.0470988
-114.0713648,51.0486332
-114.0713653,51.0495881
-114.0724961,51.0470887
-114.0728045,51.0470533
-114.0732308,51.0469285
-114.0715323,51.049497
-114.0732349,51.0468997
-114.0715301,51.0477863
-114.0726088,51.0470924
-114.0719724,51.0468599
-114.0894522,51.04696
-114.0886532,51.0469822
-114.059693,51.0454271
-114.0760411,51.0405877
-114.0760527,51.0404051
-114.0772321,51.0408777
-114.0776876,51.0407644
-114.0652308,51.0370364
-114.0654978,51.0370409
-114.0657122,51.0370555
-114.0665308,51.0370812
-114.06522,51.0371569
-114.0654872,51.0371621
-114.0657051,51.0371663
-114.0665216,51.0372016
-114.0660403,51.0373187
-114.0661593,51.0373187
-114.0651973,51.0374086
-114.0654643,51.0374229
-114.0656859,51.037427
-114.0652449,51.0374365
-114.0654013,51.0374404
-114.0668169,51.0375071
-114.0659364,51.0376246
-114.0662228,51.0376301
-114.065972,51.037677
-114.0664881,51.0376782
-114.0661687,51.0376899
-114.0668088,51.03775
-114.065386,51.0378282
-114.0668061,51.0378303
-114.0664785,51.0378299
-114.0684382,51.0431084
-114.0687459,51.0431175
-114.0684256,51.043278
-114.0687333,51.043287
-114.068727,51.0433717
-114.0687193,51.0434751
-114.0697134,51.0435033
-114.069897,51.0435085
-114.0697031,51.043641
-114.0698848,51.043647
-114.0886093,51.0468894
-114.0885124,51.0473002
-114.0884485,51.0472166
-114.0884185,51.0472188
-114.088419,51.0472157
-114.0884902,51.0475515
-114.0885963,51.0475564
-114.0885203,51.0472091
-114.0887227,51.0473058
-114.088525,51.0471701
-114.088542,51.0469834
-114.0885299,51.04711
-114.0887407,51.0471098
-114.0886199,51.0473025
-114.0885197,51.0472175
-114.0886401,51.0471099
-114.0884263,51.0471102
-114.0884104,51.0472968
-114.0783579,51.0511996
-114.0784172,51.0502683
-114.0786852,51.0464663
-114.0783342,51.0515908
-114.0785506,51.0483573
-114.0782921,51.0520969
-114.0786478,51.0469194
-114.078306,51.0518748
-114.0784371,51.0497896
-114.0785849,51.047893
-114.0785539,51.0459941
-114.0783918,51.050728
-114.0783059,51.0521302
-114.0786465,51.046933
-114.0787709,51.0464682
-114.0783248,51.0518479
-114.0811642,51.0474824
-114.078646,51.0469525
-114.0785099,51.0488432
-114.0783029,51.0522024
-114.0787238,51.0459987
-114.0783294,51.0516777
-114.0742034,51.0378808
-114.0834697,51.0498406
-114.0858815,51.0494764
-114.0858078,51.0495102
-114.0835795,51.0498151
-114.0629592,51.0465837
-114.0632419,51.0446
-114.0626333,51.0493346
-114.0631694,51.0455443
-114.0629728,51.0445146
-114.0628986,51.0475312
-114.062868,51.0483003
-114.0630943,51.0465044
-114.0626268,51.0494368
-114.0630272,51.0474436
-114.0629648,51.0447018
-114.0631646,51.0456073
-114.0626174,51.0513303
-114.0631009,51.0464144
-114.0626277,51.0511539
-114.0629192,51.0455981
-114.0625852,51.0501922
-114.0629697,51.0464105
-114.0628266,51.0465803
-114.0629107,51.0473522
-114.0628678,51.0463543
-114.0630193,51.0482986
-114.0631045,51.0447054
-114.062777,51.0475541
-114.0627873,51.0475845
-114.0628454,51.0501905
-114.062722,51.0483062
-114.0627151,51.0483852
-114.0628937,51.0454294
-114.0627866,51.0473493
-114.0630882,51.0465871
-114.0626639,51.0491957
-114.0630372,51.0473552
-114.0629295,51.0493444
-114.0630378,51.0456024
-114.0628572,51.0484808
-114.0628309,51.0465111
-114.0629694,51.0445939
-114.063233,51.0447085
-114.0629259,51.0454716
-114.062997,51.04849
-114.063174,51.0454809
-114.0629361,51.0492454
-114.0631238,51.0460325
-114.0629214,51.049436
-114.0627963,51.0492447
-114.0627046,51.0484706
-114.0627542,51.047528
-114.0627112,51.0501913
-114.0630957,51.046485
-114.0630486,51.0454767
-114.0626402,51.0492471
-114.0632482,51.0445208
-114.0628374,51.0464066
-114.0629361,51.0448738
-114.0627799,51.0494368
-114.0630184,51.0475339
-114.0630932,51.0465189
-114.06292,51.0455351
-114.0630085,51.0483938
-114.0630064,51.0482725
-114.0627684,51.0474362
-114.062696,51.0503634
-114.062833,51.0464777
-114.0628318,51.0464969
-114.0627095,51.0485313
-114.0637287,51.037762
-114.06309,51.043239
-114.0634766,51.0378317
-114.0636581,51.0386719
-114.0636711,51.0385269
-114.0633966,51.0422877
-114.0635945,51.0395332
-114.0634771,51.0379154
-114.0635978,51.0394671
-114.0630518,51.0433147
-114.063467,51.0396035
-114.063392,51.0423799
-114.0636643,51.0385966
-114.0633421,51.0432366
-114.063351,51.0394654
-114.0632893,51.0404014
-114.0632822,51.0404831
-114.063124,51.0428482
-114.0634605,51.0415297
-114.0637104,51.0379213
-114.0631938,51.0432364
-114.0633495,51.039526
-114.0632169,51.0413509
-114.0635262,51.04049
-114.0634914,51.0377409
-114.0655082,51.0434608
-114.0633443,51.0413536
-114.0655129,51.0432979
-114.0631445,51.0424572
-114.0631566,51.0422869
-114.0635916,51.0396027
-114.0636025,51.0377638
-114.0632142,51.0415136
-114.0634771,51.0413576
-114.0634175,51.0404041
-114.0631509,51.0423743
-114.0637873,51.0370686
-114.0637656,51.0370874
-114.0635438,51.0385244
-114.0635329,51.0404065
-114.0635254,51.0370612
-114.0634686,51.0414359
-114.0632773,51.0405642
-114.0633856,51.0424623
-114.0638995,51.0434218
-114.0635374,51.0370865
-114.0637546,51.0371061
-114.0634158,51.0385894
-114.0634221,51.0385209
-114.0637194,51.037831
-114.0636533,51.0370647
-114.0634766,51.0394662
-114.0634069,51.0405668
-114.063332,51.0415213
-114.0630412,51.0433957
-114.0632798,51.0422861
-114.0640841,51.0434278
-114.0655105,51.0433843
-114.0633451,51.0396041
-114.0634798,51.037767
-114.0632659,51.0424599
-114.063356,51.0428547
-114.0635218,51.0405694
-114.0635328,51.0386694
-114.0633347,51.0431941
-114.0634087,51.0386677
-114.0630589,51.0432425
-114.0632137,51.0414292
-114.0635903,51.037918
-114.0886575,51.0461969
-114.0886485,51.04703
-114.0886477,51.0463579
-114.0886738,51.0480254
-114.0884919,51.0461911
-114.0884815,51.0463505
-114.0873379,51.0490712
-114.088744,51.0470335
-114.0885005,51.0480594
-114.0887019,51.0480633
-114.0875348,51.0490437
-114.0886698,51.0479892
-114.0883538,51.0482433
-114.0881252,51.0488577
-114.088358,51.048148
-114.0866426,51.0490605
-114.0887481,51.0468845
-114.0883619,51.0480584
-114.0869835,51.0491219
-114.0888499,51.0455124
-114.0872796,51.0491311
-114.0884868,51.0462691
-114.0887888,51.0463642
-114.0887642,51.0466932
-114.0887985,51.0462018
-114.0886321,51.0481546
-114.0884493,51.0482436
-114.0888253,51.0457987
-114.0886985,51.047619
-114.0883345,51.0485607
-114.0882894,51.0484996
-114.0884244,51.0484221
-114.0883248,51.0485205
-114.0882674,51.0485017
-114.0883291,51.0485996
-114.0861082,51.0489755
-114.0882782,51.0486948
-114.0883028,51.0484861
-114.0883511,51.0484642
-114.0883211,51.0484562
-114.0882782,51.0484815
-114.0881038,51.0488196
-114.0883398,51.048436
-114.0882017,51.0487631
-114.0883506,51.048409
-114.0882814,51.048535
-114.0875415,51.0489946
-114.0874472,51.0490126
-114.0882647,51.0485186
-114.0882996,51.0485169
-114.088313,51.0485489
-114.0884911,51.046383
-114.0884994,51.046168
-114.0884178,51.0473155
-114.0885447,51.0454493
-114.0883989,51.0476941
-114.06334,51.0433229
-114.0633347,51.0434046
-114.0937274,51.0437077
-114.0913315,51.0426891
-114.0912719,51.0436576
-114.0937867,51.0427557
-114.0888029,51.0435736
-114.0885644,51.0359396
-114.0900592,51.0359397
-114.0783249,51.0517622
-114.078334,51.0515949
-114.0700245,51.0513369
-114.0676155,51.0503269
-114.1016923,51.0420378
-114.0913979,51.0436427
-114.101923,51.0420425
-114.093608,51.0437069
-114.0994178,51.0419789
-114.0992613,51.0419747
-114.0970185,51.0419054
-114.094826,51.0418352
-114.0945297,51.0423064
-114.0945334,51.0432565
-114.0967545,51.0418986
-114.091524,51.0417515
-114.0888926,51.0452379
-114.0885951,51.0447223
-114.0937037,51.0422825
-114.08872,51.0452376
-114.0936505,51.0432311
-114.0939441,51.0422896
-114.0938922,51.0432375
-114.0888522,51.0451107
-114.0885978,51.0446808
-114.094571,51.0418278
-114.0925888,51.0442415
-114.0909095,51.0442136
-114.0922176,51.0441553
-114.091918,51.0442254
-114.088635,51.0441276
-114.0914372,51.0431707
-114.0922146,51.044228
-114.0914636,51.0426926
-114.0885545,51.0452372
-114.0888366,51.0447274
-114.0888334,51.0446867
-114.0888397,51.0448151
-114.0935688,51.0441851
-114.0885706,51.0452187
-114.0935625,51.0442596
-114.0888671,51.0441552
-114.0936939,51.0427532
-114.0938116,51.0442642
-114.0888683,51.0452052
-114.088769,51.0441435
-114.0925946,51.0441636
-114.0889612,51.0430199
-114.0887124,51.0430945
-114.0887087,51.0431948
-114.0911838,51.0431634
-114.0913614,51.0441298
-114.0888263,51.043197
-114.0887903,51.0421474
-114.0890268,51.0431858
-114.0888765,51.0453512
-114.0890239,51.0420786
-114.0911511,51.0436535
-114.0911759,51.0432444
-114.088949,51.0431993
-114.0886548,51.0439321
-114.088644,51.0440391
-114.0911401,51.0432406
-114.0888391,51.0430172
-114.0887077,51.0454556
-114.0911255,51.0440299
-114.0889019,51.0422448
-114.0913576,51.0442188
-114.0914956,51.0422219
-114.0885497,51.0453419
-114.0888608,51.0454616
-114.0911169,51.0442144
-114.091245,51.0421386
-114.0889143,51.0435774
-114.0890728,51.0422438
-114.0889558,51.0430999
-114.0887791,51.0439494
-114.08889,51.0439649
-114.0887154,51.0430146
-114.0888802,51.0440462
-114.0889174,51.0420754
-114.0896381,51.0430365
-114.0890131,51.0422456
-114.0912481,51.0422144
-114.0887798,51.0422439
-114.0887986,51.0420719
-114.0911212,51.0441221
-114.0890191,51.0421522
-114.0912516,51.0422981
-114.099296,51.0390959
-114.099145,51.0391218
-114.0945867,51.0399384
-114.0968938,51.0400043
-114.0972129,51.0390585
-114.0969283,51.0395263
-114.0945785,51.0394741
-114.0948363,51.0394824
-114.0971511,51.0400116
-114.0948364,51.0399455
-114.0969712,51.0390521
-114.0948297,51.0389946
-114.0812408,51.0438296
-114.0885418,51.0441111
-114.0813151,51.0428038
-114.0815544,51.0439162
-114.0815592,51.0437735
-114.0862614,51.0431142
-114.0816611,51.0420516
-114.0864634,51.0420014
-114.0865937,51.0420044
-114.0865776,51.0421731
-114.0864896,51.0440545
-114.0912219,51.0426861
-114.0864172,51.0425557
-114.0865513,51.0425593
-114.0863335,51.0421663
-114.0864494,51.0421695
-114.0812588,51.0437752
-114.0812105,51.0439202
-114.0864986,51.0438894
-114.0885895,51.044116
-114.0840312,51.0431138
-114.0864676,51.0438578
-114.0839636,51.0424891
-114.0840059,51.0438336
-114.0840914,51.0424925
-114.0863528,51.0419988
-114.0816061,51.0428158
-114.0865858,51.0420874
-114.0840724,51.0428949
-114.0838605,51.0420972
-114.0862048,51.0438881
-114.0815935,51.0429708
-114.0863435,51.0420795
-114.0863836,51.0429575
-114.0889876,51.0426254
-114.0840464,51.0430775
-114.0813064,51.042969
-114.0885293,51.0439651
-114.0840644,51.0430568
-114.0888712,51.0426223
-114.0865064,51.0431255
-114.0886031,51.043954
-114.0837515,51.0438246
-114.0862682,51.0421526
-114.0815404,51.0437549
-114.0863705,51.0431192
-114.086554,51.0439128
-114.0887485,51.0426189
-114.0862724,51.042955
-114.0863036,51.0425526
-114.0862674,51.0430271
-114.0838085,51.0428831
-114.0815571,51.0438385
-114.0837881,51.04305
-114.0814029,51.0437743
-114.0865161,51.0430343
-114.0841448,51.0430399
-114.086524,51.0429606
-114.08411,51.0421006
-114.0840966,51.0430466
-114.0837703,51.0434264
-114.0863367,51.0438887
-114.0814684,51.0428101
-114.0841314,51.0419336
-114.0840199,51.0434328
-114.0837426,51.0439775
-114.0815155,51.0420396
-114.0815665,51.0433697
-114.0813112,51.0428779
-114.0839356,51.0411342
-114.0816342,51.0424258
-114.0837985,51.0429652
-114.0813553,51.0420263
-114.083998,51.0439847
-114.0816003,51.0428875
-114.0861894,51.0440461
-114.0816701,51.0419472
-114.0830237,51.0411106
-114.0862339,51.0434897
-114.0820768,51.0410904
-114.081369,51.0419365
-114.0863541,51.0434928
-114.0838847,51.0438293
-114.0839282,51.0430534
-114.0839896,51.0420989
-114.0841205,51.0420189
-114.0861967,51.0439699
-114.0815272,51.0418661
-114.0813795,51.0418678
-114.0864939,51.0439783
-114.0817443,51.041087
-114.0814578,51.04297
-114.0812861,51.0433625
-114.0837471,51.0439005
-114.0840677,51.0429712
-114.0838702,51.0420105
-114.0814921,51.042422
-114.0840027,51.0419285
-114.0839071,51.0434299
-114.0840021,51.0439077
-114.0839368,51.0428909
-114.0816772,51.0418644
-114.08388,51.0419237
-114.0838348,51.0424856
-114.0656311,51.0437534
-114.0655717,51.0438221
-114.0655468,51.0440702
-114.0655955,51.0441357
-114.0656513,51.0440729
-114.0656719,51.0438262
-114.093709,51.0394431
-114.0582909,51.0431823
-114.0770997,51.0487995
-114.0768749,51.0491982
-114.0768533,51.0493356
-114.0770142,51.0496147
-114.0771768,51.0495789
-114.0775531,51.0495903
-114.0776563,51.0496361
-114.0777826,51.0497695
-114.0654813,51.0458024
-114.0667024,51.0470567
-114.0667637,51.0495823
-114.067027,51.0497273
-114.0674293,51.0497442
-114.0674159,51.0500089
-114.0669975,51.0501269
-114.067007,51.0499985
-114.0674208,51.0499126
-114.0727094,51.0407425
-114.0726522,51.0416875
-114.0881333,51.0397539
-114.0889994,51.0397787
-114.088601,51.0399829
-114.0879033,51.0402229
-114.0889603,51.0402449
-114.0682918,51.0407215
-114.0793056,51.042814
-114.0792719,51.0433107
-114.0709165,51.0453076
-114.0716948,51.0453155
-114.071393,51.0453171
-114.0709165,51.0453212
-114.0722148,51.0453226
-114.073029,51.0453618
-114.0736445,51.0453713
-114.0741346,51.045383
-114.0722113,51.0454426
-114.0728297,51.0454471
-114.0728191,51.0456492
-114.0729251,51.0456514
-114.0730103,51.0456532
-114.0729181,51.0457103
===========END VERTICES============
