%
% This is a file generated by the Open Source, Arc-Routing Library (OAR Lib).
% For more information on OAR Lib, or the format please visit: 
% https://github.com/Olibear/ArcRoutingLibrary 
%

================================
Format: OAR Lib
Graph Type:UNDIRECTED
Problem Type:TRUCK_AND_DRONE
Fleet Size (k):15
Number of Depots:SINGLE_DEPOT
Alpha:0.8
Drones Per Vehicle (l):3
Drone Flight Duration (t_drone):600
Truck Capacity (cap_truck):100
Depot ID(s) (d):605
N:1310
M:1540
================================

LINKS
Line Format:V1,V2,COST,REQUIRED
303,317,4,false
183,186,3,false
1039,1036,4,false
289,52,4,false
187,1275,8,false
1161,1265,26,false
624,1054,18,false
349,355,7,false
964,970,7,false
1087,1089,27,false
436,305,3,false
716,979,9,false
47,905,18,false
87,171,4,false
10,441,7,false
855,865,5,false
1272,363,3,false
311,1205,6,false
1168,1167,42,false
968,974,8,false
231,229,14,false
798,1082,22,false
27,1210,61,false
269,1063,7,false
487,486,40,false
975,716,7,false
361,405,125,false
1043,126,1,false
1106,1105,19,false
56,687,25,false
460,84,8,false
906,637,21,false
534,807,13,false
904,598,8,false
354,313,7,false
603,585,48,false
503,500,1,false
55,602,13,false
1112,638,2,false
1090,288,47,false
1081,654,5,false
835,207,15,false
725,726,5,false
220,221,4,false
243,210,19,false
1052,919,18,false
564,1287,5,false
345,346,6,false
221,994,4,false
1098,263,5,false
276,268,124,false
587,588,5,false
554,85,6,false
848,615,2,false
218,219,74,false
1078,747,7,false
14,1040,3,false
1085,621,21,false
575,577,4,false
1299,1223,6,false
1097,1096,10,false
1305,1261,5,false
721,669,3,false
56,57,33,false
201,516,6,false
1271,362,5,false
56,922,12,false
1037,1038,3,false
471,152,3,false
102,104,44,false
933,53,11,false
95,211,4,false
197,278,5,false
287,1132,21,false
289,176,7,false
187,184,8,false
481,238,5,false
1107,740,5,false
394,1062,7,false
600,996,12,false
341,317,144,false
351,352,92,false
118,119,7,false
267,177,7,false
353,1062,7,false
550,1053,13,false
181,1101,3,false
414,415,72,false
91,92,48,false
985,705,18,false
743,918,1,false
43,72,34,false
216,670,8,false
153,507,27,false
229,632,27,false
1035,1037,3,false
349,394,7,false
983,802,65,false
159,903,12,false
134,135,23,false
818,759,85,false
1014,70,57,false
1040,1039,3,false
474,692,63,false
116,117,18,false
764,765,63,false
1257,1258,9,false
1028,1226,6,false
1058,366,7,false
541,1077,9,false
525,528,2,false
884,815,2,false
249,1044,6,false
1215,1019,3,false
912,1169,36,false
760,761,63,false
1065,1064,42,false
832,1109,29,false
1243,729,8,false
410,409,41,false
313,226,147,false
733,422,19,false
1250,215,4,false
576,578,5,false
1199,1198,4,false
185,321,8,false
177,1161,9,false
310,461,8,false
48,619,20,false
659,760,12,false
777,618,6,false
1001,628,21,false
348,340,8,false
1096,1095,4,false
643,684,12,false
457,464,10,false
1165,484,3,false
270,271,7,false
977,509,7,false
28,1012,21,false
405,512,7,false
230,656,1,false
770,940,7,false
693,684,56,false
1234,443,3,false
125,128,4,false
742,164,3,false
107,790,3,false
914,909,22,false
921,644,12,false
1226,1225,4,false
1230,330,98,false
449,448,33,false
1071,218,49,false
879,525,2,false
168,998,2,false
581,582,6,false
1092,267,14,false
1154,1153,5,false
987,356,3,false
120,121,19,false
1038,14,3,false
605,271,51,false
842,844,4,false
3,277,10,false
596,85,7,false
272,273,7,false
1147,1148,32,false
244,219,5,false
472,467,3,false
666,652,4,false
1074,212,2,false
203,403,25,false
1020,1243,3,false
739,606,3,false
586,601,9,false
831,366,8,false
411,413,6,false
458,157,12,false
921,639,28,false
608,264,14,false
926,502,5,false
1204,463,7,false
560,848,3,false
978,727,17,false
669,670,1,false
544,564,30,false
373,374,44,false
833,552,21,false
504,422,7,false
830,1058,8,false
158,176,4,false
919,849,14,false
1238,316,4,false
612,611,4,false
179,501,2,false
847,732,20,false
493,283,27,false
1254,1253,7,false
85,599,8,false
337,338,68,false
1156,1159,20,false
1000,488,1,false
1309,1057,5,false
1132,1131,13,false
255,711,3,false
377,347,91,false
887,566,126,false
1201,1202,28,false
966,969,2,false
670,1250,36,false
767,768,47,false
1060,370,24,false
173,172,4,false
1062,355,7,false
732,947,6,false
252,452,10,false
1193,208,12,false
945,60,10,false
758,757,34,false
495,1092,49,false
546,1172,5,false
1245,46,1,false
412,408,7,false
152,465,2,false
824,825,17,false
1058,724,5,false
270,1063,7,false
505,276,8,false
263,282,6,false
622,774,4,false
866,160,5,false
689,478,10,false
33,1070,18,false
1045,323,8,false
276,204,7,false
691,239,2,false
494,1112,7,false
271,831,36,false
417,736,48,false
45,545,2,false
917,863,7,false
795,696,20,false
355,318,61,false
224,738,9,false
78,79,33,false
228,17,6,false
1093,174,21,false
502,179,2,false
174,177,3,false
1076,936,4,false
799,796,41,false
322,1217,3,false
846,712,3,false
80,81,13,false
401,781,80,false
290,291,9,false
879,874,5,false
1268,671,57,false
1139,572,13,false
1221,1219,3,false
282,493,67,false
1279,57,14,false
1100,181,7,false
310,1204,31,false
292,290,10,false
839,18,3,false
347,348,7,false
123,124,22,false
913,912,18,false
936,154,3,false
859,872,65,false
995,1177,2,false
677,892,38,false
38,674,27,false
1198,1197,6,false
89,90,23,false
439,440,7,false
561,544,8,false
63,681,20,false
568,420,7,false
1097,623,14,false
626,472,8,false
1187,1188,6,false
478,485,5,false
905,906,11,false
240,816,10,false
699,698,32,false
370,369,16,false
406,4,6,false
305,608,7,false
1185,1305,29,false
883,233,3,false
382,19,32,false
477,689,7,false
329,1230,81,false
178,926,5,false
1222,1224,23,false
1232,444,3,false
553,849,9,false
1077,559,6,false
591,642,12,false
588,688,14,false
57,925,25,false
301,335,179,false
664,665,15,false
11,494,6,false
869,880,6,false
198,522,10,false
124,43,36,false
1077,540,6,false
53,59,9,false
415,1051,38,false
1152,1151,9,false
813,535,20,false
251,1031,14,false
1071,235,6,false
621,622,11,false
911,910,8,false
85,489,9,false
5,418,9,false
865,879,5,false
466,469,3,false
516,978,4,false
1310,1057,5,false
223,243,15,false
358,252,46,false
598,596,10,false
569,887,20,false
876,868,5,false
1025,965,2,false
511,984,7,false
437,255,9,false
592,232,7,false
1290,1003,5,false
1104,1220,2,false
932,55,12,false
814,810,41,false
369,1059,21,false
67,1015,45,false
102,103,9,false
632,172,62,false
285,1176,2,false
1056,47,26,false
469,205,9,false
582,1298,14,false
963,701,2,false
111,113,14,false
360,361,7,false
1022,964,23,false
195,398,7,false
400,569,127,false
521,193,7,false
201,1257,108,false
99,786,35,false
155,156,27,false
640,984,68,false
1094,1129,3,false
208,478,6,false
666,667,4,false
1152,395,43,false
501,189,4,false
580,581,6,false
585,942,55,false
60,61,18,false
1267,1268,6,false
815,785,65,false
804,406,6,false
653,652,4,false
910,914,66,false
362,1061,7,false
614,779,5,false
650,649,14,false
677,678,7,false
801,1154,23,false
211,217,7,false
132,133,5,false
986,318,7,false
1101,611,4,false
708,709,8,false
527,997,11,false
800,750,19,false
332,337,91,false
1045,303,8,false
705,717,12,false
789,790,3,false
243,244,6,false
680,678,39,false
796,982,34,false
864,877,37,false
1181,1091,9,false
61,931,9,false
531,852,13,false
268,679,45,false
264,1107,4,false
24,312,20,false
79,119,29,false
451,1231,91,false
325,295,104,false
942,274,3,false
1089,1090,5,false
787,788,4,false
314,315,5,false
203,202,7,false
1264,1263,2,false
920,24,5,false
712,845,33,false
950,945,6,false
1269,1270,22,false
454,455,22,false
1239,1240,5,false
655,657,18,false
364,380,7,false
763,764,12,false
727,518,138,false
446,445,7,false
426,541,77,false
514,201,6,false
916,744,1,false
384,10,7,false
421,1084,6,false
278,805,5,false
707,704,75,false
327,326,8,false
365,1057,6,false
299,519,7,false
730,484,26,false
1286,420,3,false
1191,1192,10,false
957,1194,4,false
839,557,12,false
1274,549,7,false
20,1254,16,false
886,575,95,false
514,773,63,false
862,871,7,false
1283,29,2,false
1164,1165,2,false
1051,324,38,false
951,12,1,false
562,5,9,false
1119,1134,2,false
48,151,8,false
112,79,13,false
1015,27,22,false
444,443,2,false
1115,713,21,false
131,1042,41,false
1,201,9,false
377,378,7,false
432,434,19,false
288,287,7,false
1307,1185,105,false
441,438,8,false
76,26,50,false
867,855,34,false
888,1083,68,false
717,718,20,false
366,927,5,false
1046,737,8,false
578,1139,134,false
1121,1118,3,false
678,676,2,false
1044,131,16,false
59,953,8,false
994,224,22,false
1133,1120,3,false
72,73,8,false
1293,1294,21,false
356,357,7,false
1042,248,15,false
672,17,7,false
476,480,2,false
210,453,47,false
309,310,3,false
617,183,9,false
256,255,34,false
425,427,45,false
675,39,35,false
479,242,7,false
96,114,15,false
1265,677,12,false
897,898,12,false
670,1080,1,false
298,699,80,false
1278,1277,24,false
209,993,7,false
486,691,20,false
55,587,13,false
1047,244,7,false
825,607,9,false
946,933,39,false
646,648,6,false
1069,32,31,false
269,266,7,false
844,1013,5,false
556,456,40,false
802,797,31,false
633,1114,40,false
1041,247,3,false
196,197,2,false
153,308,6,false
326,325,10,false
702,1024,5,false
379,441,7,false
1068,1067,30,false
583,584,6,false
1072,1071,3,false
1061,380,7,false
41,1147,11,false
1113,1093,2,false
690,235,3,false
346,347,7,false
1002,976,5,false
660,655,122,false
584,301,8,false
88,89,19,false
595,170,41,false
1219,1218,1,false
255,622,10,false
1050,213,8,false
26,1215,5,false
484,837,4,false
569,399,7,false
393,34,52,false
18,68,4,false
509,407,2,false
1227,1208,3,false
151,937,6,false
65,1023,4,false
470,205,9,false
892,269,7,false
852,851,5,false
283,290,6,false
974,967,10,false
714,198,64,false
745,1078,6,false
318,1045,7,false
715,191,10,false
1160,1159,8,false
122,123,21,false
80,594,13,false
1208,1207,4,false
973,966,2,false
406,510,2,false
394,351,7,false
225,226,33,false
749,824,22,false
939,203,11,false
211,454,8,false
1004,1032,4,false
335,334,6,false
654,287,7,false
174,260,8,false
746,167,6,false
657,658,11,false
305,1086,7,false
805,503,3,false
775,1060,6,false
428,565,1,false
186,1274,3,false
164,867,3,false
1166,1081,24,false
431,410,40,false
1003,1190,2,false
263,1099,8,false
179,1056,13,false
422,421,91,false
262,286,4,false
308,943,7,false
1196,1195,9,false
819,821,120,false
499,306,6,false
1291,475,2,false
290,751,7,false
75,1211,7,false
683,60,2,false
354,911,45,false
344,345,7,false
632,631,7,false
807,808,5,false
64,1010,28,false
1103,1102,3,false
1308,1272,5,false
989,991,3,false
37,916,20,false
282,492,4,false
140,139,21,false
755,754,30,false
387,389,2,false
213,482,2,false
615,550,5,false
362,312,8,false
686,930,9,false
308,708,38,false
1206,411,39,false
52,51,4,false
1118,1137,3,false
1175,285,3,false
713,739,61,false
688,589,10,false
199,714,12,false
647,648,4,false
47,187,9,false
513,983,5,false
1159,1158,5,false
90,112,16,false
1110,1106,26,false
405,799,67,false
1157,1160,20,false
192,630,5,false
895,270,9,false
1057,1181,7,false
170,792,19,false
1075,1245,37,false
532,881,39,false
773,439,62,false
1082,801,14,false
83,170,2,false
202,1306,111,false
694,48,29,false
709,1200,3,false
812,620,7,false
552,560,10,false
214,91,4,false
557,1026,3,false
992,446,8,false
681,24,19,false
173,791,83,false
1108,608,5,false
204,3,10,false
618,778,5,false
867,1000,2,false
712,551,9,false
529,866,5,false
1145,1146,21,false
541,425,10,false
1220,1222,3,false
1212,49,4,false
428,5,10,false
1200,1199,4,false
407,900,4,false
106,137,3,false
316,445,96,false
619,1056,11,false
239,1050,10,false
1209,387,2,false
1298,703,42,false
279,281,100,false
420,5,7,false
740,609,3,false
1099,782,33,false
339,340,7,false
1292,228,8,false
899,1170,13,false
726,735,90,false
785,169,74,false
1234,1233,2,false
1261,440,3,false
861,873,99,false
117,118,4,false
4,407,10,false
711,1097,6,false
434,437,21,false
620,179,7,false
1201,309,3,false
523,917,14,false
1021,1022,12,false
317,986,4,false
176,666,3,false
193,517,7,false
297,298,38,false
1033,129,3,false
1156,1155,5,false
533,857,39,false
898,1179,13,false
1059,776,7,false
722,672,6,false
1173,543,38,false
1184,1310,50,false
747,37,2,false
517,1149,5,false
1032,130,3,false
246,896,8,false
230,231,15,false
352,360,7,false
834,731,42,false
937,777,5,false
141,140,11,false
924,1280,12,false
58,53,17,false
630,985,3,false
84,1168,16,false
1149,1150,40,false
144,143,20,false
227,226,6,false
242,1248,9,false
737,1048,49,false
554,839,22,false
1159,733,36,false
540,1288,10,false
1214,860,73,false
47,846,6,false
461,562,3,false
450,383,7,false
1063,275,7,false
439,361,146,false
1008,1178,11,false
82,78,14,false
1153,1152,3,false
142,141,17,false
723,394,102,false
180,1100,2,false
448,345,76,false
146,125,39,false
245,605,41,false
323,908,5,false
986,349,61,false
836,1164,10,false
331,332,7,false
1123,1124,3,false
1202,1203,11,false
538,35,2,false
1053,294,45,false
489,86,4,false
938,643,15,false
781,400,11,false
623,263,14,false
375,368,4,false
22,1278,8,false
927,373,3,false
100,94,35,false
566,567,3,false
1223,1221,23,false
137,138,9,false
182,183,5,false
817,752,48,false
1088,1087,3,false
510,395,6,false
918,21,20,false
1174,496,2,false
15,25,16,false
1180,897,54,false
320,185,9,false
507,6,20,false
127,1043,3,false
1015,66,54,false
1062,354,8,false
293,261,8,false
1197,1203,31,false
216,672,2,false
635,36,34,false
473,626,48,false
900,1157,63,false
77,78,19,false
923,952,12,false
1126,251,3,false
896,1267,51,false
98,631,14,false
28,748,21,false
239,481,2,false
19,1052,25,false
1281,54,13,false
378,379,7,false
352,377,145,false
1109,1012,14,false
1240,1241,37,false
1064,633,2,false
616,426,6,false
321,188,3,false
222,223,6,false
258,1098,3,false
1130,293,21,false
307,957,22,false
907,446,3,false
97,98,71,false
1117,292,32,false
286,261,5,false
1177,283,3,false
260,259,4,false
1190,1191,3,false
1268,1269,2,false
779,47,4,false
274,734,22,false
62,63,9,false
135,136,17,false
701,700,10,false
849,433,12,false
572,397,126,false
1016,841,5,false
350,245,147,false
176,650,22,false
318,988,7,false
1012,1011,44,false
367,375,17,false
1276,187,6,false
84,173,8,false
875,528,6,false
762,763,11,false
547,548,3,false
1112,783,13,false
207,237,3,false
930,932,10,false
1018,1017,6,false
850,869,6,false
692,477,9,false
1244,695,19,false
2,416,6,false
803,804,20,false
381,1228,15,false
285,392,66,false
336,989,4,false
972,962,8,false
678,266,44,false
92,100,4,false
191,707,9,false
71,1079,31,false
996,148,15,false
942,924,6,false
965,65,8,false
136,145,11,false
1134,1127,2,false
710,1001,7,false
954,941,10,false
395,195,6,false
953,950,8,false
1031,13,81,false
1053,497,9,false
577,576,4,false
639,952,10,false
1055,149,8,false
260,1088,12,false
1253,351,113,false
157,471,4,false
557,556,33,false
22,1279,49,false
703,886,8,false
1154,803,19,false
1114,28,8,false
177,259,7,false
55,955,9,false
366,775,34,false
558,1162,14,false
418,1285,3,false
360,1307,5,false
591,273,19,false
661,230,4,false
104,100,8,false
851,876,6,false
440,10,7,false
1205,306,4,false
603,602,6,false
222,1046,18,false
718,719,14,false
468,470,3,false
238,1072,5,false
163,840,6,false
409,412,7,false
453,211,8,false
498,7,3,false
190,417,9,false
642,590,10,false
1224,1227,18,false
1210,76,19,false
704,981,20,false
1260,384,4,false
880,523,54,false
330,331,6,false
145,144,29,false
793,798,25,false
452,987,41,false
647,929,4,false
719,521,17,false
728,508,60,false
654,653,6,false
643,921,14,false
1265,1264,7,false
1036,1034,4,false
234,1193,5,false
651,660,15,false
590,55,11,false
506,423,2,false
834,1163,5,false
976,513,2,false
1083,353,15,false
485,730,36,false
958,960,5,false
433,432,11,false
1013,555,6,false
649,216,51,false
476,1291,71,false
941,646,11,false
420,566,5,false
515,194,6,false
548,462,1,false
103,88,11,false
261,260,7,false
925,58,28,false
395,571,93,false
822,820,121,false
1086,1085,8,false
1157,1156,8,false
213,1246,5,false
161,875,5,false
178,814,24,false
967,973,2,false
74,697,15,false
885,858,2,false
456,390,2,false
826,828,16,false
828,827,15,false
769,772,16,false
1006,153,14,false
740,257,27,false
653,173,92,false
379,450,158,false
1129,1128,15,false
738,784,33,false
1080,1212,42,false
245,227,7,false
648,693,15,false
1242,220,4,false
30,165,6,false
778,614,4,false
215,826,2,false
154,155,18,false
312,363,7,false
1259,1260,3,false
638,495,4,false
478,479,39,false
687,1281,14,false
838,1050,3,false
1131,1130,31,false
277,806,8,false
734,640,52,false
1282,832,67,false
266,1268,34,false
1287,562,8,false
374,367,18,false
567,419,3,false
180,616,14,false
792,459,24,false
607,1283,10,false
810,276,29,false
333,449,51,false
761,762,11,false
802,800,5,false
1216,878,5,false
1294,1295,42,false
640,641,13,false
856,531,45,false
663,664,6,false
302,336,144,false
368,369,6,false
1108,1107,22,false
81,82,30,false
512,406,2,false
829,591,17,false
114,115,9,false
281,280,6,false
119,80,6,false
754,818,286,false
771,759,80,false
1167,1166,6,false
568,570,145,false
1034,1004,3,false
881,850,99,false
363,1061,8,false
228,721,7,false
86,460,3,false
241,1030,8,false
656,662,1,false
1073,212,2,false
343,338,63,false
1128,11,26,false
955,586,30,false
150,617,14,false
388,249,7,false
756,755,35,false
8,150,12,false
697,1103,2,false
890,889,21,false
931,62,6,false
250,959,3,false
303,1236,140,false
208,242,40,false
261,1054,9,false
79,120,7,false
526,859,36,false
245,246,7,false
101,96,22,false
686,685,16,false
685,642,6,false
1285,1007,5,false
1122,1136,2,false
480,213,2,false
162,815,10,false
818,819,24,false
837,835,7,false
594,83,6,false
442,1232,25,false
997,64,6,false
672,721,5,false
312,693,42,false
351,353,7,false
638,1093,49,false
676,1266,10,false
524,862,28,false
693,1309,1,false
294,1097,4,false
259,289,89,false
147,468,2,false
708,1201,35,false
258,634,80,false
392,286,28,false
751,159,13,false
589,586,7,false
490,163,2,false
130,1033,4,false
731,238,20,false
1105,436,6,false
423,3,8,false
178,175,7,false
1182,364,40,false
893,1008,33,false
289,288,6,false
403,312,101,false
396,572,7,false
280,1111,10,false
823,41,13,false
500,277,1,false
220,1047,5,false
160,162,58,false
1007,1006,57,false
455,1073,20,false
953,403,12,false
601,54,17,false
165,1066,4,false
550,694,20,false
574,569,7,false
969,963,2,false
314,221,87,false
999,491,3,false
244,1293,2,false
316,323,7,false
809,812,49,false
1093,1092,3,false
1188,1256,51,false
840,555,36,false
540,547,4,false
874,870,4,false
1288,45,5,false
53,939,13,false
922,589,18,false
485,483,2,false
982,514,6,false
475,473,10,false
463,311,6,false
1050,689,5,false
724,1184,2,false
863,915,5,false
990,341,3,false
706,199,7,false
1142,1143,7,false
128,1005,4,false
811,810,8,false
359,358,8,false
1011,527,10,false
443,302,69,false
571,396,6,false
1138,1126,3,false
1150,725,2,false
483,239,2,false
1296,1297,29,false
149,9,7,false
679,1264,12,false
1267,895,25,false
935,404,18,false
386,359,11,false
752,753,20,false
1306,1271,10,false
235,838,8,false
724,684,7,false
254,305,6,false
751,654,22,false
496,182,4,false
350,354,6,false
634,291,14,false
1295,217,10,false
348,1235,3,false
1197,1196,7,false
300,299,7,false
109,110,22,false
820,818,25,false
859,884,2,false
69,1025,5,false
287,1175,4,false
433,947,14,false
338,339,6,false
202,405,7,false
593,883,46,false
1213,1125,22,false
126,1290,6,false
805,534,20,false
992,1234,25,false
1017,1016,2,false
1056,181,10,false
799,795,6,false
195,4,8,false
399,570,6,false
658,659,15,false
1095,1094,9,false
1179,204,3,false
791,458,23,false
210,93,5,false
539,956,8,false
488,168,2,false
361,362,6,false
648,920,23,false
673,161,31,false
438,516,125,false
889,830,12,false
254,256,7,false
13,1029,15,false
1302,1303,6,false
1027,1026,10,false
627,15,3,false
873,533,67,false
183,47,12,false
786,96,13,false
979,304,41,false
380,352,6,false
949,923,11,false
815,885,2,false
309,418,7,false
323,302,7,false
750,1153,12,false
872,853,74,false
232,472,4,false
563,427,9,false
748,749,35,false
1228,583,89,false
233,882,61,false
891,1308,8,false
23,948,14,false
391,241,33,false
266,270,7,false
217,1296,4,false
662,663,10,false
168,673,4,false
535,811,10,false
397,402,91,false
273,275,7,false
952,954,8,false
544,44,11,false
943,1076,4,false
1063,272,7,false
1067,30,33,false
288,158,4,false
671,216,7,false
780,629,15,false
345,1255,31,false
24,935,6,false
31,1301,29,false
432,1053,9,false
268,269,7,false
334,333,7,false
790,106,22,false
841,842,2,false
105,106,15,false
877,975,28,false
940,766,7,false
315,1239,40,false
674,741,18,false
277,505,2,false
571,579,146,false
1066,74,5,false
374,365,9,false
1246,16,67,false
295,328,7,false
108,109,4,false
1297,690,15,false
57,949,16,false
1160,899,15,false
1030,240,6,false
1141,1142,31,false
1289,651,12,false
1263,1262,5,false
1211,27,50,false
383,451,7,false
665,666,3,false
1091,891,12,false
364,350,92,false
611,1174,7,false
175,638,56,false
1284,195,81,false
158,667,3,false
302,303,7,false
518,200,7,false
371,376,4,false
389,388,19,false
572,574,6,false
384,439,7,false
845,560,16,false
121,122,7,false
492,262,4,false
42,823,11,false
782,1117,13,false
636,635,49,false
613,612,10,false
171,595,13,false
50,661,12,false
962,971,9,false
265,1108,2,false
1202,1204,21,false
434,435,24,false
196,893,19,false
100,101,39,false
854,526,32,false
4,202,9,false
1054,1094,20,false
637,550,10,false
1171,1055,9,false
1169,597,8,false
528,530,2,false
1256,1189,3,false
440,377,7,false
1094,1113,6,false
497,951,3,false
248,1041,3,false
9,1173,32,false
1024,972,1,false
159,168,12,false
1273,888,8,false
684,829,12,false
652,229,4,false
1253,1252,3,false
253,254,60,false
35,393,24,false
671,668,2,false
219,316,89,false
908,907,89,false
430,431,13,false
868,1014,9,false
63,646,21,false
700,69,9,false
537,33,2,false
774,623,6,false
1135,1122,2,false
1047,222,8,false
227,17,5,false
878,524,46,false
551,833,15,false
927,724,7,false
378,1187,3,false
435,256,11,false
695,553,17,false
970,1018,5,false
993,223,14,false
427,424,3,false
768,769,20,false
789,788,5,false
462,546,9,false
3,196,8,false
328,329,7,false
882,105,2,false
278,808,39,false
194,1002,1,false
555,554,37,false
422,196,8,false
477,234,8,false
321,1244,6,false
291,742,14,false
372,373,14,false
1300,1299,5,false
10,378,8,false
765,770,13,false
214,209,54,false
407,511,2,false
1111,1115,21,false
12,494,9,false
419,728,47,false
634,610,4,false
739,265,26,false
465,466,2,false
894,1180,28,false
757,756,33,false
1125,1133,4,false
844,843,2,false
735,980,15,false
181,1171,5,false
385,992,3,false
275,894,15,false
786,787,27,false
1252,1251,17,false
980,515,5,false
1029,958,4,false
1010,164,4,false
871,861,6,false
1176,284,2,false
21,322,2,false
857,1214,1,false
696,794,10,false
398,977,4,false
604,605,11,false
1070,1069,44,false
808,189,52,false
242,1033,12,false
93,94,15,false
1005,127,4,false
95,99,14,false
816,206,48,false
97,102,18,false
347,1253,33,false
342,336,5,false
882,1074,21,false
981,1116,5,false
1102,1065,20,false
189,180,6,false
467,147,2,false
573,571,6,false
1200,1202,27,false
909,227,8,false
858,856,10,false
54,1280,19,false
1014,67,20,false
68,702,17,false
313,988,61,false
948,63,18,false
652,1289,6,false
219,220,7,false
641,946,8,false
1258,1259,3,false
217,218,5,false
275,268,7,false
482,477,3,false
1170,423,27,false
984,203,4,false
1146,1286,6,false
1140,1141,34,false
341,342,5,false
1235,20,15,false
901,902,18,false
1249,934,4,false
413,961,5,false
73,42,4,false
776,1183,32,false
623,624,4,false
570,398,93,false
628,780,22,false
1264,267,35,false
934,1292,25,false
928,682,14,false
172,171,10,false
246,722,4,false
753,758,28,false
1193,1192,27,false
1301,1068,1,false
143,142,17,false
1203,1302,3,false
960,250,40,false
479,1247,20,false
570,573,7,false
519,438,158,false
806,809,18,false
315,1238,5,false
353,350,8,false
272,890,3,false
44,545,5,false
1163,1164,3,false
375,376,19,false
698,300,27,false
204,274,8,false
166,31,9,false
304,706,55,false
110,111,18,false
139,138,11,false
380,1273,3,false
860,858,65,false
438,384,7,false
205,391,21,false
206,234,12,false
545,498,14,false
370,371,6,false
32,166,7,false
459,592,6,false
1236,342,4,false
972,968,1,false
644,56,21,false
1164,487,2,false
783,1113,36,false
814,813,5,false
133,134,50,false
1048,1249,4,false
682,683,13,false
784,225,19,false
39,1020,8,false
49,50,3,false
528,529,5,false
446,1049,10,false
772,771,11,false
639,645,6,false
959,1209,6,false
1194,308,4,false
902,428,4,false
559,561,10,false
1009,1282,2,false
215,214,3,false
565,429,6,false
259,680,6,false
1275,186,5,false
625,457,7,false
232,593,7,false
1218,1104,1,false
587,56,28,false
1148,40,20,false
236,834,14,false
421,568,3,false
408,1206,2,false
1241,1242,4,false
1237,314,2,false
429,278,91,false
522,2,6,false
720,279,90,false
17,246,7,false
988,1237,2,false
148,625,58,false
545,499,3,false
1225,1300,9,false
1045,315,9,false
271,272,7,false
34,746,2,false
1229,296,4,false
376,372,21,false
441,1186,4,false
115,116,10,false
1233,1232,4,false
520,864,15,false
340,990,62,false
597,84,7,false
1183,365,2,false
1107,1009,3,false
1190,1213,2,false
994,222,5,false
944,767,8,false
585,586,11,false
642,938,12,false
508,430,20,false
129,1035,3,false
1247,837,3,false
239,838,10,false
25,75,27,false
977,1156,67,false
838,476,8,false
903,904,44,false
998,490,1,false
1178,901,7,false
340,349,145,false
961,539,4,false
1079,1028,60,false
667,653,4,false
536,720,8,false
108,107,5,false
1136,1121,2,false
418,419,6,false
66,71,5,false
668,722,2,false
1280,22,10,false
1162,836,5,false
494,694,12,false
491,995,1,false
87,97,15,false
686,603,15,false
641,57,43,false
355,313,8,false
744,743,37,false
1255,379,61,false
736,715,40,false
797,1152,3,false
357,343,7,false
1144,1145,18,false
247,146,2,false
549,319,7,false
57,23,14,false
36,745,2,false
235,1073,6,false
338,344,7,false
188,1276,5,false
1023,1021,9,false
599,600,9,false
1172,542,2,false
1124,1138,4,false
562,563,1,false
1137,1123,3,false
794,796,8,false
274,506,8,false
29,1108,3,false
1207,627,48,false
257,258,7,false
729,636,5,false
741,675,12,false
424,429,3,false
1254,723,12,false
284,999,1,false
1231,1229,85,false
226,228,6,false
766,944,7,false
363,364,7,false
915,538,3,false
870,854,5,false
51,1075,42,false
1019,38,7,false
404,928,14,false
622,257,12,false
445,447,25,false
1186,1304,97,false
629,580,48,false
200,520,8,false
1054,174,9,false
324,327,95,false
113,112,9,false
1127,1135,2,false
1116,192,5,false
365,1182,3,false
273,686,4,false
178,495,62,false
1143,1144,25,false
423,504,2,false
853,532,67,false
1277,641,22,false
1248,835,13,false
1074,476,4,false
1061,360,6,false
46,671,2,false
1217,1216,2,false
543,1077,4,false
1120,1119,3,false
167,537,6,false
530,868,2,false
1084,428,1,false
===========END LINKS============

VERTICES
Line Format:x,y
24.9370245,60.1643249
24.9300494,60.1620256
24.9416784,60.1659489
24.9393442,60.1651349
24.9427712,60.1651512
24.944138,60.1641756
24.943985,60.1655427
24.943886,60.1662709
24.9435603,60.1662282
24.9355842,60.1653511
24.9424996,60.1670646
24.9426776,60.1670714
24.9351207,60.1701628
24.9351607,60.1690196
24.9430261,60.1697713
24.9372786,60.1694157
24.9391911,60.1677377
24.939913,60.1692779
24.9443084,60.1671123
24.934851,60.1662352
24.95081,60.1690944
24.9409693,60.1660024
24.9396084,60.1659948
24.9384224,60.1661228
24.9430294,60.1696314
24.9454209,60.1689616
24.9430953,60.1688981
24.9430984,60.1687511
24.9432029,60.167749
24.9456726,60.1688173
24.9473127,60.1688588
24.9475754,60.168864
24.9492118,60.1689068
24.9494613,60.1689075
24.9508126,60.1689457
24.9491843,60.1690547
24.9494567,60.1690604
24.9456726,60.1689726
24.9473096,60.1690184
24.9402654,60.1704098
24.9391768,60.1703134
24.9388344,60.1701936
24.9383583,60.1698943
24.9436942,60.165436
24.9437559,60.1654652
24.9393756,60.1677149
24.9436354,60.166649
24.9429936,60.1667451
24.9399124,60.1680583
24.9398859,60.1680764
24.9405395,60.1681127
24.9406045,60.1681098
24.939403,60.1654316
24.941005,60.1661577
24.9403219,60.1666012
24.9401588,60.1662505
24.93986,60.1660021
24.9394773,60.165575
24.9392684,60.1654587
24.9390781,60.1656979
24.9391303,60.1658527
24.9391239,60.1659782
24.9390764,60.1660485
24.9415095,60.168629
24.9407314,60.1692445
24.9426693,60.169366
24.9419126,60.1688809
24.939977,60.1692779
24.9407311,60.1693162
24.9415229,60.1693836
24.9426774,60.1694067
24.9386745,60.1701531
24.9387748,60.1701922
24.9454195,60.168811
24.9430538,60.1693963
24.9445202,60.168938
24.937545,60.169417
24.9377479,60.1692851
24.9381052,60.1690527
24.9386003,60.1692346
24.9384662,60.1693244
24.9379351,60.1693593
24.9388505,60.1693301
24.9396894,60.1689413
24.94,60.1690617
24.9398381,60.1689989
24.939386,60.1689269
24.9386073,60.1687057
24.9382875,60.1686485
24.9380421,60.1688082
24.938725,60.1681178
24.9382038,60.168459
24.9374497,60.1682257
24.9376618,60.168301
24.9368697,60.1686224
24.9377555,60.1689495
24.9391659,60.1688493
24.939939,60.1683491
24.937072,60.1686969
24.9381646,60.1684841
24.9377347,60.1687599
24.9389085,60.1687554
24.9387582,60.1687584
24.9382774,60.1685253
24.9366312,60.1690864
24.9367904,60.1689798
24.9371321,60.169105
24.9372153,60.169107
24.9372802,60.1691094
24.9375253,60.1689587
24.9377742,60.1690501
24.9380772,60.1689441
24.9379278,60.1689545
24.9379861,60.1690078
24.9380125,60.1690823
24.9381461,60.1691335
24.9383965,60.1692293
24.9384483,60.1692492
24.9385194,60.1692049
24.9381645,60.1691078
24.9384283,60.1692092
24.9385181,60.1692418
24.938288,60.1693823
24.9383441,60.1695768
24.9352279,60.1693218
24.9354737,60.16933
24.9354205,60.1693331
24.9352961,60.1693322
24.9352224,60.1689381
24.9351339,60.1689112
24.9340396,60.1695652
24.9335543,60.1693286
24.9336219,60.1693093
24.934135,60.1689501
24.9345422,60.1689481
24.9347962,60.1690336
24.9367506,60.1689657
24.9366377,60.1689186
24.9364845,60.1688574
24.9362313,60.168995
24.9360706,60.169053
24.9357696,60.169053
24.9355243,60.1689665
24.9353236,60.1691052
24.9349033,60.1689589
24.934662,60.1691271
24.9381986,60.1697714
24.939524,60.1693445
24.9435274,60.1662871
24.9438253,60.1663736
24.9430974,60.1667036
24.9382573,60.1697764
24.9436529,60.1645139
24.943743,60.1646725
24.9435274,60.164782
24.9432511,60.1649775
24.9383429,60.1697457
24.9406543,60.1682093
24.9408322,60.1684784
24.9418696,60.1688075
24.9414827,60.1687283
24.9429043,60.1688342
24.940962,60.1685711
24.9410688,60.1685054
24.9455662,60.1688147
24.9474664,60.1688626
24.9493356,60.1689072
24.940999,60.1685469
24.9455568,60.1688914
24.9388699,60.1693377
24.9394316,60.1689464
24.9395336,60.1688809
24.9395779,60.168898
24.9416953,60.1674709
24.9430311,60.166574
24.940603,60.1681911
24.9416599,60.1674584
24.9430499,60.1665192
24.9431026,60.1664412
24.9432518,60.1664055
24.9433654,60.1664439
24.9436194,60.1665298
24.9436902,60.1665537
24.9438994,60.1666943
24.9439226,60.1667076
24.9437243,60.1665697
24.9437792,60.1666647
24.9438122,60.1667448
24.9431595,60.166403
24.930002,60.1617727
24.9315458,60.162329
24.9332065,60.162904
24.93458,60.1633883
24.9371004,60.1642619
24.939421,60.1650799
24.9417591,60.1658922
24.9417755,60.1659002
24.9303131,60.1620586
24.931424,60.1624469
24.9344228,60.1635027
24.9369344,60.1643831
24.939259,60.165196
24.939351,60.1652294
24.9415855,60.1660156
24.9380623,60.1698526
24.9362734,60.1691931
24.9347641,60.1686465
24.9358803,60.1690395
24.9379691,60.1678263
24.937383,60.168201
24.9368244,60.1686059
24.9363084,60.1689762
24.9362437,60.1690399
24.9387592,60.1680958
24.9388013,60.1680973
24.9393148,60.1677609
24.9367359,60.1685737
24.9366633,60.1685471
24.9374213,60.1680047
24.9374901,60.1679539
24.9375302,60.1679252
24.9376441,60.1679276
24.9377231,60.1679546
24.9378043,60.1677443
24.9387294,60.167994
24.9390572,60.1677535
24.9391196,60.1677169
24.9391326,60.1677816
24.9405031,60.1682628
24.9400912,60.1681165
24.9403081,60.168193
24.9382782,60.1697174
24.9374922,60.1694195
24.9361236,60.1691225
24.9362408,60.1689305
24.9349999,60.1684906
24.9347216,60.1686384
24.9360831,60.1688959
24.9360184,60.1689417
24.9370852,60.1695007
24.9372867,60.1695663
24.9353009,60.1688363
24.9375749,60.168062
24.9374895,60.1680304
24.9391704,60.1676612
24.9392639,60.1676904
24.9346395,60.1691211
24.934595,60.169156
24.9339546,60.1697101
24.9341776,60.1699418
24.9361186,60.1694838
24.9330393,60.167076
24.9442102,60.1676374
24.9431368,60.1676139
24.9424405,60.1675245
24.9430268,60.1675933
24.9422612,60.1676953
24.942155,60.1677115
24.9415821,60.1674999
24.9416268,60.1675276
24.9417302,60.1675636
24.9418583,60.1676082
24.942041,60.1676718
24.9428746,60.1677156
24.9432397,60.167725
24.9402766,60.1670451
24.9417437,60.1674143
24.940402,60.1669534
24.9403394,60.1669995
24.9401836,60.1670157
24.940091,60.1669813
24.9401589,60.1669367
24.9402225,60.1668895
24.9414731,60.1659744
24.9403107,60.1669211
24.9416919,60.1660463
24.9418221,60.1659986
24.9418457,60.165925
24.9475702,60.1678394
24.9456862,60.1677888
24.9457845,60.1677915
24.9419602,60.1676437
24.9409648,60.1683171
24.9408591,60.1682769
24.9408236,60.1682649
24.941804,60.1675893
24.9407402,60.1682346
24.9406748,60.1681835
24.9406266,60.1681371
24.9410481,60.1683485
24.9411707,60.1683907
24.9411496,60.1682829
24.9416471,60.167621
24.9423647,60.1674591
24.9290296,60.1642596
24.9302807,60.1635734
24.9304862,60.1634765
24.9310382,60.1636677
24.9331532,60.1644119
24.9330548,60.1643788
24.9293478,60.1642306
24.9359043,60.1674873
24.9359705,60.1674381
24.9323278,60.162764
24.9431289,60.1676666
24.9437906,60.1653864
24.9439829,60.1643374
24.9437301,60.1645503
24.9429783,60.1651025
24.9430183,60.1651178
24.9436482,60.1653388
24.9380802,60.16615
24.936878,60.1670093
24.936248,60.1674802
24.9361992,60.1675123
24.9361085,60.167558
24.9360093,60.1674124
24.9361468,60.1674204
24.9439858,60.1666015
24.9440124,60.1666489
24.9438509,60.1667615
24.9508378,60.1690843
24.9360022,60.1675242
24.9258708,60.163157
24.9275051,60.1637218
24.9273703,60.1636758
24.9272651,60.1636403
24.9291153,60.1642932
24.9292139,60.1643272
24.9318509,60.1652474
24.9319374,60.1652784
24.9320349,60.1653104
24.9321498,60.1652228
24.932061,60.1651906
24.9319765,60.1651588
24.9337828,60.1667486
24.9333689,60.1657843
24.9343655,60.1661407
24.9344435,60.1661693
24.9345315,60.1662022
24.933873,60.1666787
24.9338304,60.1667115
24.9337166,60.1665969
24.9344249,60.1660866
24.9344901,60.1660384
24.9345727,60.1660697
24.9346627,60.1661029
24.9346008,60.1661481
24.9366792,60.1669403
24.9369997,60.1669157
24.936807,60.1668462
24.9377517,60.166177
24.9368962,60.166877
24.9369399,60.1669596
24.9367678,60.1669742
24.9335829,60.16669
24.9336512,60.166645
24.9325301,60.1673997
24.9324464,60.1674537
24.9378178,60.1661296
24.9378966,60.1660832
24.9379729,60.1661118
24.938011,60.1661972
24.9379407,60.1662414
24.9385788,60.1664534
24.939453,60.1667631
24.9387063,60.1666534
24.9385093,60.1668019
24.9384667,60.166842
24.9386965,60.166924
24.9387415,60.1668823
24.9391279,60.1667806
24.9393439,60.1667235
24.9386985,60.1664965
24.9385157,60.1667717
24.9387946,60.1668596
24.9356051,60.1654355
24.9355091,60.1654034
24.9354194,60.1653708
24.9378376,60.1662095
24.9276311,60.1636277
24.9448778,60.1671304
24.933003,60.1645235
24.9356541,60.1653016
24.9348903,60.168215
24.9323343,60.1675248
24.9342128,60.1698781
24.933956,60.1697683
24.9342309,60.1698677
24.9389624,60.1698683
24.9377655,60.1697383
24.9415128,60.1677904
24.9503823,60.168933
24.9367433,60.1668941
24.9393326,60.1650494
24.9403373,60.1643183
24.9417335,60.1633548
24.939514,60.1651114
24.940522,60.1643832
24.9418845,60.1634054
24.9428188,60.1627412
24.9426419,60.1626826
24.9391,60.1654057
24.9385647,60.1659353
24.9391693,60.1651642
24.9392578,60.1651047
24.9394916,60.1651864
24.9451071,60.1633661
24.9449756,60.163465
24.9445769,60.1637658
24.9455172,60.1630647
24.9450418,60.1634156
24.9455724,60.1630192
24.9237063,60.1624
24.9247606,60.1627766
24.9299663,60.1620069
24.9301303,60.1618219
24.9428628,60.1650892
24.9427829,60.1650652
24.942664,60.1651244
24.9425937,60.1651928
24.9416509,60.1658514
24.9415665,60.1659088
24.9427941,60.1652438
24.9434787,60.1654816
24.9434285,60.1662514
24.9428245,60.1652546
24.942673,60.1652214
24.9427652,60.1652546
24.9440584,60.1641459
24.9441827,60.1640574
24.9429682,60.167179
24.9430983,60.1671045
24.9427802,60.1673178
24.9429196,60.1675193
24.9431814,60.1676675
24.9425458,60.1674653
24.9355616,60.1652711
24.9357495,60.1653337
24.9356791,60.1653846
24.9354875,60.1653256
24.9347853,60.1678538
24.9352073,60.1679958
24.9351792,60.1679882
24.9351243,60.1682662
24.9350331,60.1682341
24.9348726,60.1684427
24.9333797,60.1656523
24.9329014,60.1654846
24.9330978,60.164556
24.9329124,60.1644916
24.9331384,60.1670033
24.9369058,60.1685468
24.9367503,60.1686594
24.9365267,60.1688214
24.9389747,60.1698561
24.9388284,60.1697997
24.9384655,60.1696596
24.9384041,60.1696359
24.9397955,60.1689824
24.9429376,60.1651719
24.9438448,60.1656113
24.9435662,60.16531
24.9387388,60.1698747
24.9382327,60.1697845
24.9382081,60.1697926
24.9382142,60.1697605
24.938183,60.1697823
24.9381736,60.1698039
24.9381585,60.1697982
24.9382946,60.1697642
24.9382382,60.1697444
24.9374534,60.169442
24.9372374,60.1694415
24.937319,60.1693909
24.9362775,60.1690166
24.9362052,60.1690664
24.9359343,60.1690012
24.9353766,60.1687875
24.9362619,60.1690274
24.9360366,60.1689288
24.9362296,60.1690496
24.9360003,60.1689545
24.9350849,60.1686469
24.9359807,60.1689684
24.9357179,60.1688273
24.9351448,60.1686221
24.9410188,60.1685368
24.9398833,60.1690164
24.9409763,60.1685611
24.9409035,60.1682939
24.9419034,60.1676239
24.941254,60.1681235
24.942557,60.1670267
24.9423877,60.1669622
24.9435711,60.1665135
24.9427283,60.1670902
24.9439563,60.1655211
24.9437739,60.1654311
24.9418284,60.1659948
24.9431172,60.1664314
24.9430865,60.166452
24.9418416,60.1659891
24.9415806,60.1659001
24.9418036,60.166011
24.9415493,60.1659203
24.9439347,60.1643171
24.9438686,60.1642892
24.9395116,60.1651765
24.9392781,60.165095
24.9394759,60.1651976
24.9392417,60.1651158
24.9372119,60.1642995
24.9370225,60.164414
24.9370138,60.1642335
24.9368456,60.1643548
24.9346706,60.1634228
24.9345164,60.1635353
24.9332391,60.1644537
24.934311,60.163465
24.934479,60.1633509
24.9301451,60.1620265
24.9503968,60.1689804
24.9499241,60.1690307
24.9416485,60.1687641
24.9424363,60.1687913
24.9417734,60.1686903
24.9416356,60.168777
24.9417101,60.1687919
24.9416227,60.1687899
24.9421006,60.1688444
24.9467647,60.1688974
24.9462544,60.1689448
24.9421466,60.1660675
24.9423893,60.1662537
24.9493217,60.1678863
24.9492384,60.1689069
24.9508478,60.1689468
24.9456448,60.1629661
24.9437365,60.1655948
24.9434874,60.1655632
24.9440815,60.1656459
24.9436335,60.1656097
24.9435269,60.1654012
24.9437644,60.1654492
24.9439832,60.165633
24.9437947,60.1656034
24.9438366,60.16561
24.9438784,60.1665884
24.9429868,60.167046
24.9436638,60.1667958
24.9432954,60.167053
24.9434177,60.1670535
24.9400772,60.1690915
24.9404652,60.1688224
24.9394117,60.1695726
24.9397596,60.169343
24.9347141,60.1684708
24.9436339,60.1655366
24.9431227,60.1670541
24.943583,60.1654577
24.9429156,60.1651874
24.9429063,60.1651939
24.9430973,60.1652518
24.9426843,60.1652254
24.9427236,60.1650911
24.9427575,60.1650841
24.9425946,60.1651705
24.9405849,60.1643389
24.9404653,60.1644247
24.9402824,60.1643622
24.9404045,60.1642712
24.9403704,60.1643931
24.9404882,60.1643038
24.9380757,60.1634589
24.9381865,60.1634976
24.9381322,60.1634792
24.9382548,60.1635182
24.9381295,60.1636112
24.9355778,60.1625863
24.935661,60.162617
24.9357473,60.1626474
24.9291641,60.164161
24.9292479,60.1641915
24.9408999,60.1664046
24.9407709,60.1663405
24.9402974,60.1664867
24.9403544,60.1664561
24.9406646,60.166319
24.9401858,60.1666611
24.9399463,60.1667955
24.9383479,60.1696726
24.9381773,60.1696797
24.9387749,60.1693012
24.939296,60.1690408
24.9400704,60.1690109
24.9396258,60.1689855
24.940166,60.1689364
24.9399186,60.1691121
24.9398207,60.1691653
24.940884,60.1662894
24.9403785,60.1667066
24.9404061,60.1667562
24.9394194,60.1673014
24.9395802,60.1673554
24.9436879,60.1677615
24.9431928,60.1678462
24.9431196,60.1677212
24.9427281,60.1677382
24.9413643,60.1683065
24.9434493,60.1664723
24.9434843,60.1664484
24.9435809,60.1663805
24.9434919,60.1666425
24.9430607,60.1670521
24.9433813,60.1662991
24.9437549,60.1664853
24.943343,60.166646
24.9431617,60.1665878
24.9430116,60.1664097
24.9425229,60.1676171
24.9423347,60.167595
24.9421838,60.167576
24.9421229,60.1675624
24.9388949,60.1697559
24.938135,60.1697054
24.9430241,60.1697938
24.9344079,60.1621254
24.9348761,60.1623411
24.9332704,60.1629264
24.940129,60.1684184
24.9402181,60.1684514
24.9439467,60.1687727
24.941318,60.1682892
24.9485721,60.1690424
24.9476969,60.1690252
24.9430827,60.1669756
24.9424387,60.166981
24.9394854,60.1662706
24.9404085,60.1655905
24.9402793,60.1656831
24.9400524,60.1667098
24.9396674,60.1665789
24.9399186,60.1663935
24.9394269,60.1663123
24.938887,60.1662079
24.9388856,60.1662702
24.938832,60.1662521
24.9400665,60.1680231
24.9402807,60.1680804
24.9402859,60.1681432
24.9405396,60.1682366
24.9405864,60.1682524
24.9406691,60.1682817
24.9383304,60.1674234
24.9401066,60.1681161
24.9380723,60.1673291
24.9379595,60.1672553
24.9379008,60.1671328
24.9401277,60.1680451
24.9400592,60.1681392
24.9401098,60.1681139
24.9402524,60.1681637
24.9403138,60.1681201
24.9405321,60.1681982
24.940574,60.1682119
24.9406248,60.1682288
24.9393248,60.1676967
24.9392191,60.1678086
24.9392333,60.1678141
24.9393472,60.1677044
24.9392956,60.1677555
24.941041,60.1685641
24.9461552,60.1689861
24.9466819,60.1690008
24.9409132,60.1672797
24.9409858,60.1672268
24.9409244,60.1672722
24.9410613,60.1671793
24.9415013,60.1674668
24.9387467,60.1660965
24.9388512,60.1657464
24.9390477,60.1656973
24.9395257,60.1666496
24.9400797,60.166753
24.9402621,60.1668606
24.9405387,60.1661463
24.9405042,60.1663562
24.9361021,60.1690317
24.9362695,60.1689099
24.9359904,60.1689319
24.9363256,60.1691148
24.9386957,60.1663676
24.9426916,60.1669478
24.9435715,60.1669274
24.9378783,60.1646716
24.94515,60.168804
24.932664,60.1642436
24.9322018,60.1640794
24.940728,60.1693931
24.9405642,60.1693905
24.9402662,60.1692863
24.9365575,60.1629382
24.9327864,60.1627585
24.9335767,60.1630371
24.9315214,60.1624809
24.9316799,60.1623711
24.9433503,60.1648293
24.9434737,60.1648566
24.9340048,60.1619844
24.9424099,60.167513
24.9436545,60.1667156
24.9447805,60.1677651
24.9312469,60.1623899
24.9314062,60.1622802
24.9330439,60.163021
24.9337444,60.1630929
24.9340371,60.1631957
24.9342346,60.1632651
24.9491807,60.1678825
24.9392479,60.1677886
24.9393149,60.1677073
24.9352434,60.1663718
24.9394574,60.1666951
24.9353536,60.1636594
24.9354194,60.1636822
24.9365404,60.1642482
24.9432595,60.1647246
24.947622,60.1690235
24.9354617,60.1687821
24.935795,60.1687881
24.9433143,60.1669727
24.9413717,60.1657545
24.9411681,60.1658588
24.9367425,60.1641405
24.9308355,60.1620664
24.9379589,60.1677854
24.9379594,60.1677341
24.9436924,60.1677368
24.9427342,60.1677122
24.9464764,60.1689951
24.94103,60.1684875
24.9504559,60.1690935
24.9497997,60.169077
24.9492166,60.1690551
24.9494432,60.1689075
24.9494293,60.1690609
24.9431178,60.1685648
24.9431497,60.1682597
24.9385067,60.1647917
24.9409788,60.1683915
24.932205,60.1662252
24.9325448,60.1662012
24.9353036,60.1664003
24.9348232,60.1662909
24.9342269,60.1662172
24.9336431,60.1661801
24.9330308,60.1661775
24.940795,60.1682954
24.9379364,60.167035
24.9385691,60.166573
24.9387122,60.1665089
24.9389042,60.1664899
24.9391153,60.1665123
24.940047,60.1668349
24.940168,60.1670455
24.9400496,60.1671575
24.9395755,60.1675074
24.9394709,60.1676739
24.9401738,60.1669273
24.9396193,60.1678872
24.9395277,60.1678064
24.936378,60.1648753
24.942272,60.16759
24.9391092,60.1670053
24.9382361,60.1666925
24.9432464,60.1666574
24.9434307,60.1666416
24.9435705,60.1666444
24.934678,60.162262
24.9419914,60.1633284
24.9415999,60.1679599
24.9423316,60.167081
24.9384473,60.1678969
24.9442338,60.1688616
24.9375757,60.1688775
24.9372763,60.1690686
24.9372132,60.169078
24.9371354,60.1690769
24.9371026,60.1690942
24.9387102,60.1694983
24.9386615,60.1694711
24.9374134,60.1644589
24.93773,60.1646205
24.938175,60.1647739
24.9375944,60.1646174
24.938669,60.1648149
24.9377809,60.1645886
24.9381922,60.1648246
24.9382277,60.1646952
24.9382979,60.1647703
24.9382164,60.164655
24.938891,60.164977
24.9391806,60.1650778
24.9418661,60.1659679
24.9419345,60.1660374
24.9423289,60.1661331
24.9424159,60.1661286
24.9421965,60.166128
24.9421174,60.1661859
24.9422419,60.1662019
24.9429202,60.1663781
24.9426841,60.1663573
24.942712,60.1663954
24.9430676,60.1688369
24.9369614,60.1694456
24.9313751,60.1663145
24.9395498,60.167856
24.9399431,60.1679409
24.9398664,60.1680077
24.9417009,60.1685568
24.9416331,60.1686354
24.9389948,60.1702497
24.9431701,60.1680637
24.9431851,60.167919
24.9388201,60.16811
24.9392692,60.1682692
24.9390483,60.1681926
24.9396925,60.1667096
24.9396436,60.1667594
24.9395587,60.1667992
24.9427576,60.1683569
24.943514,60.166906
24.9351993,60.1685652
24.9349806,60.1687215
24.9349865,60.1685652
24.935049,60.1686725
24.9361648,60.1689829
24.9398839,60.1692595
24.9408577,60.1685679
24.9405536,60.1689138
24.9405376,60.1688993
24.9406069,60.168899
24.9405923,60.1688844
24.9432946,60.1669427
24.9436646,60.1666923
24.9435265,60.1668344
24.9430861,60.167053
24.9433087,60.1671058
24.9492311,60.1689546
24.9417822,60.1688301
24.9418672,60.1688363
24.94556,60.1688655
24.9418719,60.1687788
24.9415167,60.1687043
24.9429008,60.1688623
24.9455527,60.1689246
24.9430656,60.1688645
24.9430696,60.1688092
24.9442306,60.1688939
24.9492235,60.1690087
24.9494352,60.1690144
24.9507558,60.1689812
24.9340983,60.1633906
24.9415883,60.16873
24.9417903,60.1688028
24.94104,60.168522
24.9416098,60.1688029
24.9493309,60.1689564
24.9417983,60.1687755
24.9493256,60.1690114
24.9442371,60.1688329
24.9474551,60.168974
24.9417299,60.1687649
24.941556,60.1687535
24.9416904,60.1688188
24.9335559,60.1632008
24.9507518,60.1690511
24.9416614,60.1687512
24.9494377,60.168959
24.9474613,60.1689134
24.9366111,60.1691001
24.9375216,60.1694311
24.9430686,60.1688231
24.9430666,60.1688507
24.9366754,60.1629783
24.9408783,60.1644407
24.9377458,60.1662782
24.9398152,60.1668187
24.940119,60.1669237
24.9382335,60.1662731
24.9404377,60.1670342
24.9419444,60.1657489
24.9404574,60.1668119
24.940103,60.1670762
24.9393392,60.1676328
24.9413016,60.166216
24.9414259,60.1661298
24.9409864,60.1657084
24.939548,60.165206
24.9424592,60.1653774
24.9426403,60.165245
24.940705,60.1685656
24.9402322,60.1688825
24.943411,60.1667538
24.9433,60.1668272
24.9350619,60.1682139
24.9359583,60.1675557
24.9390074,60.1676761
24.9377105,60.1672274
24.9375959,60.1671884
24.9391575,60.1692969
24.9389726,60.1694195
24.9386873,60.1675638
24.9508353,60.1689659
24.9498005,60.169069
24.9506421,60.168987
24.9504567,60.1690855
24.9435552,60.1671098
24.9384749,60.1661528
24.9397818,60.1664725
24.9403691,60.1662655
24.9394926,60.1661449
24.9413493,60.1660049
24.9396495,60.1658057
24.9430419,60.166482
24.9393888,60.1667383
24.9386944,60.165834
24.9389428,60.1662901
24.9402523,60.1667851
24.9391503,60.1659274
24.9402997,60.1667076
24.9395822,60.1654531
24.9387959,60.1680186
24.9384399,60.1660766
24.9437755,60.1646529
24.9431724,60.1666737
24.9398765,60.1666531
24.9393523,60.1653254
24.9401839,60.1669861
24.9390709,60.1662196
24.9414461,60.1659959
24.9437914,60.1645972
24.9401276,60.1670975
24.9390858,60.1656162
24.9401756,60.1656413
24.9432569,60.1670108
24.9393746,60.1660074
24.9396089,60.1660718
24.9391095,60.1655649
24.942686,60.1670745
24.9393579,60.1662185
24.9391671,60.1655081
24.9392348,60.1662553
24.9404504,60.1665544
24.9457226,60.1629064
24.9437632,60.1644927
24.934823,60.1701659
24.9341412,60.1699292
24.9347579,60.1701433
24.9456135,60.162989
24.9404743,60.1692863
24.9405347,60.1693916
24.9403285,60.1690337
24.9407932,60.1692995
24.9405175,60.1693706
24.9404808,60.169363
24.9403446,60.1692759
24.9405294,60.1693807
24.9404343,60.1690043
24.9404681,60.1693629
24.9403432,60.1692825
24.9404991,60.169365
24.9404847,60.1692795
24.9331439,60.1630566
24.9371871,60.1642914
24.9395706,60.1651302
24.9367894,60.1643348
24.9329122,60.1629753
24.9369526,60.1642136
24.9330747,60.1628609
24.9371042,60.1644425
24.9372737,60.1643218
24.9394059,60.1652473
24.9333143,60.1629418
24.9360515,60.1673884
24.9335615,60.1667054
24.9362463,60.1674544
24.9337297,60.1667633
24.9338902,60.1666534
24.9337263,60.1667845
24.9349288,60.1681962
24.9378625,60.1678563
24.9375723,60.167901
24.9409176,60.1682986
24.9396787,60.1692419
24.9415929,60.1686626
24.9409831,60.1685576
24.9408673,60.1682807
24.9410227,60.1685306
24.9340989,60.1620173
24.937114,60.1642671
24.9355837,60.1692509
24.9350343,60.1689353
24.9353646,60.1693351
24.943515,60.1646143
24.9429395,60.1650334
24.9422795,60.1655071
24.9428134,60.1677403
24.9410991,60.1684822
24.9419402,60.1687137
24.9427215,60.1687328
24.9405412,60.1688587
24.9415574,60.168875
24.9427153,60.1688874
24.9404761,60.1689353
24.9404856,60.1689438
24.9403948,60.168969
24.9455475,60.1689669
24.9474505,60.1690196
24.9407116,60.1691616
24.940529,60.1692123
24.9407873,60.169229
24.9403422,60.1692874
24.9408079,60.1693119
24.9397904,60.1693563
24.9399236,60.1694055
24.9426271,60.1702126
24.9348602,60.1701925
24.9371766,60.1695292
24.9359867,60.1695855
24.9350813,60.1689158
24.9351878,60.1689202
24.9350167,60.1689564
24.9352381,60.1689635
24.9350236,60.1689884
24.9352301,60.1689875
24.9352008,60.1690082
24.935061,60.1690117
24.9351102,60.1690217
24.9346153,60.16914
24.9344446,60.1692641
24.9354648,60.1693269
24.9338799,60.1696839
24.9360786,60.1674713
24.9378233,60.167796
24.9375573,60.1679832
24.9386839,60.1680323
24.9349361,60.1682996
24.9361426,60.1689979
24.9253152,60.1629655
24.9438651,60.1671011
24.942851,60.1671356
24.9418233,60.1675073
24.9434708,60.1663442
24.9432708,60.1665138
24.9386405,60.166412
24.9395251,60.1667185
24.9381721,60.1667369
24.9390464,60.1670488
24.9379056,60.1661604
24.9368338,60.1669242
24.9402481,60.1669677
24.94398,60.1687735
24.9447235,60.168793
24.9454997,60.168813
24.9462529,60.168832
24.9467912,60.1688456
24.9481186,60.1688782
24.9489015,60.1688987
24.9361659,60.1689023
24.9361448,60.1689169
24.9363266,60.168961
24.9363177,60.1689905
24.9399252,60.1679029
24.943791,60.1646252
24.9436337,60.1655817
24.9493207,60.1690579
24.9426635,60.1696819
24.9392475,60.1678176
24.9406212,60.168313
24.9381021,60.1647015
24.937048,60.16677
24.9426705,60.1652205
24.9428809,60.1676536
24.9430194,60.1676613
24.9414616,60.1676072
24.9415087,60.167609
24.9411771,60.1678032
24.9411709,60.1678418
24.9384111,60.1663337
24.9418911,60.1673186
24.9419215,60.16733
24.9420328,60.1673717
24.9421533,60.1674169
24.9421966,60.1674331
24.9423293,60.1674828
24.9421133,60.167697
24.9419565,60.1677264
24.9432719,60.1664123
24.9434006,60.1664558
24.945078,60.1688021
24.9451251,60.1688033
24.9428874,60.1698272
24.9432837,60.167669
24.9436196,60.1676773
24.9428161,60.1677142
24.9432055,60.1677238
24.9427334,60.1686085
24.9440709,60.167689
24.9455194,60.1677844
24.9424646,60.166991
24.9419473,60.1673397
24.9432422,60.1687554
24.9451467,60.1677747
24.9331374,60.1628814
24.9414939,60.168055
24.9358374,60.1694804
24.935796,60.1694004
24.9358368,60.169389
24.935795,60.1694671
24.9357575,60.1694444
24.9359338,60.1694991
24.9359853,60.1695024
24.9359508,60.1693777
24.9360864,60.169496
24.9357575,60.1694217
24.9422229,60.1672466
24.9420625,60.1673521
24.9414283,60.167769
24.9411001,60.1679911
24.9409625,60.1680842
24.9358863,60.1693815
24.935773,60.1694116
24.935754,60.1694342
24.9357696,60.1694555
24.9358836,60.1694916
24.9360417,60.1695017
24.940226,60.1642087
24.9405814,60.1644038
24.9410778,60.1645755
24.9415343,60.1647335
24.9416239,60.1647645
24.9419815,60.1648882
24.9422389,60.1649773
24.9425498,60.1650849
24.9393559,60.1703471
24.9399215,60.1704029
24.9347441,60.1634483
24.9353291,60.1636509
24.9387983,60.1647669
24.938707,60.1648283
24.9386749,60.1648498
24.9386239,60.1648839
24.9406082,60.1654441
24.9405631,60.165474
24.9404777,60.1655307
24.940893,60.1655426
24.9408501,60.1655734
24.9407682,60.1656322
24.9415348,60.1674154
24.9349237,60.168541
24.9351546,60.1685971
24.935128,60.1686161
24.9351096,60.1686293
24.9403701,60.16848
24.9403091,60.1685223
24.9398599,60.1688263
24.9395411,60.1690419
24.9411769,60.1657742
24.9434029,60.166408
24.9440535,60.1656419
24.9435934,60.1659488
24.9435471,60.1665054
24.940786,60.1682512
24.9408429,60.1682714
24.9409359,60.1683058
24.9423922,60.1654258
24.9415594,60.1660343
24.9407399,60.1666125
24.938538,60.166377
24.9385365,60.1664394
24.9385627,60.1664646
24.9394387,60.1666886
24.9362039,60.1655674
24.9354349,60.165307
24.9354831,60.1654219
24.9354214,60.1654658
24.9348702,60.1658551
24.9356088,60.1692596
24.9356314,60.1692424
24.9357776,60.1692944
24.9360485,60.1690976
24.9437469,60.16452
24.9439007,60.1647391
24.9437998,60.1647912
24.9437104,60.1648275
24.9436259,60.1648488
24.9435678,60.1648572
24.9435133,60.1648592
24.9430024,60.1650848
24.9434913,60.1650966
24.9436771,60.1651011
24.9434745,60.1652778
24.94373,60.1653705
24.9451265,60.1633518
24.9429858,60.1702211
24.9429297,60.1702198
24.9341938,60.1698917
24.944179,60.1689291
24.9430586,60.1693391
24.9398601,60.1680393
24.9356371,60.1692694
24.9455377,60.1689243
24.9454999,60.1689649
24.9508237,60.1690549
24.9508339,60.1690646
24.9428736,60.1698277
24.9428636,60.169832
24.9429081,60.1698363
24.9428535,60.1698528
24.9429168,60.1698614
24.9428309,60.170057
24.9428971,60.1700599
24.9427822,60.1702161
24.9427193,60.1702148
24.9428803,60.1702186
24.9278502,60.1637039
24.9303456,60.1635797
24.9304096,60.1647444
24.9315877,60.164021
24.9351457,60.1679768
24.9351532,60.1680069
24.9351802,60.1680153
24.9346421,60.1661625
24.9338868,60.1667307
24.9362324,60.1674693
24.9361615,60.167543
24.9367885,60.1677161
24.936841,60.1677418
24.9373815,60.1679296
24.9374349,60.1679387
24.9474885,60.1690205
24.9437723,60.1667901
24.939385,60.1677181
24.9363047,60.1690621
24.9350835,60.1686846
24.9351698,60.1687893
24.9387427,60.1680326
24.9388521,60.168073
24.9353289,60.166134
24.9351629,60.1662529
24.9351409,60.1662687
24.9350763,60.1663136
24.9348009,60.1658151
24.9348936,60.1658386
24.9358301,60.1651753
24.9357393,60.1652405
24.935716,60.1652572
24.9356933,60.1652735
24.9357218,60.1653995
24.9412971,60.1671847
24.9412461,60.1672216
24.9412262,60.1672361
24.9411575,60.1672858
24.9408139,60.1673539
24.9398488,60.1672614
24.9399321,60.1672895
24.9399534,60.1672966
24.9402757,60.1674052
24.9380186,60.1660792
24.9380508,60.1662108
24.9378169,60.166225
24.9437729,60.1665636
24.9437593,60.1666021
24.943792,60.1667099
24.9405947,60.1658014
24.9408837,60.1659556
24.9400902,60.1659765
24.9411365,60.1660061
24.9407839,60.1661439
24.942812,60.1677561
24.9432015,60.1677628
24.9402438,60.1644847
24.9428923,60.1650677
24.9426316,60.1651132
24.9430313,60.1652285
24.9437497,60.1655068
24.94046,60.1682073
24.9355328,60.1692875
24.9373032,60.1693852
24.9390545,60.1678366
24.9374726,60.1680426
24.9372587,60.1681968
24.9368287,60.1685068
24.9367045,60.1685963
24.9364136,60.168806
24.935943,60.1627176
24.9428234,60.1701047
24.9427928,60.1701387
24.9467984,60.1688458
24.94372,60.1651084
24.9438227,60.1651097
24.9340214,60.1648064
24.935789,60.1654229
24.938112,60.1660127
24.9377531,60.1661071
24.9381212,60.1662348
24.9386874,60.1663743
24.938704,60.166434
===========END VERTICES============
